1.016807112169936467e+00 1.010460960442532086e+00 1.010552092876445096e+00 1.011938270826383324e+00 1.008534704253735592e+00 1.010976245320793998e+00 1.009317765298345160e+00 1.010217859302320109e+00 1.011530503470909892e+00 1.008411142238110569e+00 1.008340110363510123e+00 1.008000117445299493e+00 1.009430700665262526e+00 1.008445341172360843e+00 1.005462444777152964e+00 1.005357138308608622e+00 1.005587159217729454e+00 1.007730797003875800e+00 1.004820386552724987e+00 1.007559123923971178e+00 1.007644110685133709e+00 1.003556109524331941e+00 1.002718577113630216e+00 1.001684361972453363e+00
1.981504249270721996e+00 2.012593599284178136e+00 2.006280920424961867e+00 2.010802463364981918e+00 2.001713950251533536e+00 2.004887285743723435e+00 2.010724270982471751e+00 2.003194003295379222e+00 2.003632788009883203e+00 2.006139386918881495e+00 2.003812301719515521e+00 2.001692964743228220e+00 2.008745679004064311e+00 2.003173642258365472e+00 2.003299831901839134e+00 2.003270802446992516e+00 2.004055958745528887e+00 2.004548516123540569e+00 2.002407571417279986e+00 2.002077239766028249e+00 2.001965936273894187e+00 2.001890123187533010e+00 2.001746951669964414e+00 2.000470027524451133e+00
2.471006155610956156e+00 2.641603344197264391e+00 2.721680332589516471e+00 2.746269849487499748e+00 2.775376436697432503e+00 2.787932405937621816e+00 2.782850531439853725e+00 2.781416861101971172e+00 2.815710406890545414e+00 2.801632259661547053e+00 2.817538546392678533e+00 2.831681527272960963e+00 2.836524619707217365e+00 2.851669994162953081e+00 2.831451036564434531e+00 2.847742340722205778e+00 2.834729499364097016e+00 2.845678360498704151e+00 2.850746949342418013e+00 2.858964549129928923e+00 2.860418055263670212e+00 2.890649132748286387e+00 2.918207064755574898e+00 2.943613246696880736e+00
3.121055654192874673e+00 3.393217085214895956e+00 3.488718490207578071e+00 3.517713934367727724e+00 3.572141605685907884e+00 3.589315287949274236e+00 3.612222958503709780e+00 3.600713337226316479e+00 3.618895812265469303e+00 3.645583397231044298e+00 3.637761301629153454e+00 3.674421259438982013e+00 3.678629445026498246e+00 3.667648059674604610e+00 3.714709850177095873e+00 3.700053903115019249e+00 3.711788523370898929e+00 3.734367066804088253e+00 3.704929536771399690e+00 3.714649891859771014e+00 3.720353185712266253e+00 3.779418346232755965e+00 3.813464815774590289e+00 3.859727403292465997e+00
3.775946492878688332e+00 4.117243865591941443e+00 4.187523757255047663e+00 4.294718476122381112e+00 4.315516797266509386e+00 4.364240528451916568e+00 4.415194275137591440e+00 4.410515514203417808e+00 4.448888932853010125e+00 4.444124702710318786e+00 4.484539135491929507e+00 4.467266725812584660e+00 4.501732703625441090e+00 4.505847215569842135e+00 4.517106935241810284e+00 4.525088809547815671e+00 4.520691610231483359e+00 4.559197609574542120e+00 4.555140038359912324e+00 4.543100817238975964e+00 4.579550402651918262e+00 4.642329559360219626e+00 4.691117551898277505e+00 4.750803248144253921e+00
4.329876376882186406e+00 4.756099812495580892e+00 4.918560185709960564e+00 5.030493809336959998e+00 5.097121369568259119e+00 5.143425695150582122e+00 5.172470051832310567e+00 5.157359902636525106e+00 5.240533807479899941e+00 5.235950824522530134e+00 5.248120889187140037e+00 5.262975895715278796e+00 5.258455100003687654e+00 5.269440878653844251e+00 5.320613695530437504e+00 5.284326672875295117e+00 5.329746520238129115e+00 5.328263108250772540e+00 5.339812045172587673e+00 5.358854096774575027e+00 5.372091265175473751e+00 5.478392580523629540e+00 5.550932785565224847e+00 5.626891868149657583e+00
4.810962531276193666e+00 5.460518694165615194e+00 5.660839565791929928e+00 5.752896827123898937e+00 5.795686651520405519e+00 5.852739723758191737e+00 5.900883709517601439e+00 5.954974212343830509e+00 5.939231531658314189e+00 5.990760864517942430e+00 6.004677008124130744e+00 6.008964565956278925e+00 6.040370126470438805e+00 6.064545230587961910e+00 6.052632655883685153e+00 6.073744151324750540e+00 6.060522851020056834e+00 6.136177844074587995e+00 6.114349307120637178e+00 6.148651958020304065e+00 6.170333395958133238e+00 6.282268557624274052e+00 6.383849881781372027e+00 6.477078848778131004e+00
5.443343531568530125e+00 5.941128074144955917e+00 6.235080504260467116e+00 6.373570354398466087e+00 6.439159797580381372e+00 6.539169664742299659e+00 6.594795413401035589e+00 6.616218247788229867e+00 6.683139912719226139e+00 6.702084264626014587e+00 6.727610795823306233e+00 6.739983664649320971e+00 6.774578997642945133e+00 6.800010839452145461e+00 6.813368938651603202e+00 6.846019686523577619e+00 6.841503642654511275e+00 6.870049235607890381e+00 6.862152740361556980e+00 6.917157790358100300e+00 6.933636816908302691e+00 7.087348913831342578e+00 7.203352397257654971e+00 7.318001245711494462e+00
5.765695715745262184e+00 6.530882939944132382e+00 6.829455421463776155e+00 7.013157508564375142e+00 7.101824109236538618e+00 7.195624102264492450e+00 7.258581295269043387e+00 7.311553858422725760e+00 7.344272095349525742e+00 7.424590908318443816e+00 7.381491060251886616e+00 7.448662402029616381e+00 7.472920107893571640e+00 7.508996810637727393e+00 7.493192968400806286e+00 7.554374425766554602e+00 7.565254439511764240e+00 7.546799672783274460e+00 7.610682549095908911e+00 7.620743667312866343e+00 7.671139735625461142e+00 7.868236947450968799e+00 7.971396782106348056e+00 8.123704085803753472e+00
6.358793621845379995e+00 7.029954856156086507e+00 7.518454033078799448e+00 7.680806762217872397e+00 7.671089280657286125e+00 7.815147423361660017e+00 7.926870225686506899e+00 7.942432403674031249e+00 8.015111642835865524e+00 8.014440063967805727e+00 8.068036091763428175e+00 8.120294041728772783e+00 8.186187756150911099e+00 8.189299387438110145e+00 8.243558488361390602e+00 8.241990596635822897e+00 8.279844282233941755e+00 8.264216051985078693e+00 8.283118156649987185e+00 8.350602625974776316e+00 8.403518053886665840e+00 8.585250292888947143e+00 8.763911923981227758e+00 8.929378223434600415e+00
6.614804543247313262e+00 7.612532352896907106e+00 7.967456366629678932e+00 8.222047259129816155e+00 8.412107939390148559e+00 8.450881903594451572e+00 8.469018682045623692e+00 8.674755115118667703e+00 8.631109661598497240e+00 8.695647147266276633e+00 8.742359519317068006e+00 8.813031447555685460e+00 8.823451150247626273e+00 8.909374806775472777e+00 8.917046530987120079e+00 8.950309497736000708e+00 8.994256261792052953e+00 8.953764617351627209e+00 8.995489558035389521e+00 9.036134973896951195e+00 9.075095413769640018e+00 9.313428682292524741e+00 9.490028951569593474e+00 9.714140269899937508e+00
7.084496678951273552e+00 8.228258180587266324e+00 8.610969982996858008e+00 8.719317569797508938e+00 8.972805620224569623e+00 9.125633158596748729e+00 9.133270270683127023e+00 9.216484788106907189e+00 9.277895162848732724e+00 9.331437027201213041e+00 9.355307425015967127e+00 9.433320726137292667e+00 9.497018362961542337e+00 9.525007638189327608e+00 9.585121281441074004e+00 9.566715637117987114e+00 9.645476414336174642e+00 9.601885841553242429e+00 9.623623270004747710e+00 9.662214523006539935e+00 9.768145453833602332e+00 1.005677891075597685e+01 1.024157689896685675e+01 1.047972706513334273e+01
7.585798291229253643e+00 8.593632675921654140e+00 9.115613743418798265e+00 9.319831272415360246e+00 9.488109275620891125e+00 9.680325081961349554e+00 9.744822842803873897e+00 9.898636950365625964e+00 9.930912750059416538e+00 9.992515255917998829e+00 1.008026710655424729e+01 1.013567506809244989e+01 1.015236387697421350e+01 1.020967131505427794e+01 1.021102550348117077e+01 1.030148878299032944e+01 1.027445072760431088e+01 1.029913863137077357e+01 1.027998853091053810e+01 1.032853836808611980e+01 1.044630387305117480e+01 1.072286838756236804e+01 1.097232586733439952e+01 1.122559879439393171e+01
8.008419390430425722e+00 9.198372277869683700e+00 9.558140104937891124e+00 9.851055850789693480e+00 1.010372955518812965e+01 1.021904960774760696e+01 1.027783615694938391e+01 1.044611978322515533e+01 1.047694034295365384e+01 1.055141585828066297e+01 1.063103025445357375e+01 1.073831598691827338e+01 1.074572488099008893e+01 1.082394705671912760e+01 1.086728626994521996e+01 1.081446441638691880e+01 1.088056504191755103e+01 1.093308784957953961e+01 1.094385603463397949e+01 1.096322014170064918e+01 1.108375307829138734e+01 1.140775429675865027e+01 1.167843759921594682e+01 1.196552791171517960e+01
8.268777805942209014e+00 9.669731376763063935e+00 1.000201502308033952e+01 1.035702528872064043e+01 1.057421701022493821e+01 1.079383933805693196e+01 1.085639037872706503e+01 1.104071034478561408e+01 1.109563790085646318e+01 1.113174546406444421e+01 1.117766029426880792e+01 1.127473789821507744e+01 1.129473716217969326e+01 1.133788061238185563e+01 1.141651335108152310e+01 1.145332590014844776e+01 1.154808516655275241e+01 1.152110737036240096e+01 1.151208925019457396e+01 1.156039551964558143e+01 1.176069335701916607e+01 1.207355438582951557e+01 1.234925313636337307e+01 1.268560057863854595e+01
8.622995232502084662e+00 9.978470239438461675e+00 1.059141531005802861e+01 1.094688084190483401e+01 1.113034523087457650e+01 1.129567266649156565e+01 1.149720334556584866e+01 1.150335823882322117e+01 1.171129954645719096e+01 1.174087446947930147e+01 1.180286631788069229e+01 1.187735987705400653e+01 1.194006387052272622e+01 1.199045112269891433e+01 1.202724601461686227e+01 1.205908030208246373e+01 1.211812671911322425e+01 1.217569430262357777e+01 1.216378571064905145e+01 1.224628221209402312e+01 1.238376199998066163e+01 1.271965163384119002e+01 1.302891231883213585e+01 1.338106437310150376e+01
9.051333153843041046e+00 1.054111595032365400e+01 1.114251522588507370e+01 1.144161832595207962e+01 1.168061388044105087e+01 1.184129868340071923e+01 1.195248181917625452e+01 1.206968558261115732e+01 1.219582079077457415e+01 1.232133100545014237e+01 1.237503194582713384e+01 1.245458229373268999e+01 1.251565809793991768e+01 1.255967781457782451e+01 1.262139435716567704e+01 1.266450390199031517e+01 1.274626127818728349e+01 1.275992786110670352e+01 1.278774005480169329e+01 1.278014482297427712e+01 1.293835519397645761e+01 1.333970805828168515e+01 1.368983177032261445e+01 1.407726232570936808e+01
9.420713421853202263e+00 1.099173072597860923e+01 1.153651747716960330e+01 1.180123577777923671e+01 1.224864395819366614e+01 1.231820574767441023e+01 1.255714970531222718e+01 1.263687321963293186e+01 1.272592516808483154e+01 1.277201539274800091e+01 1.295529063285727212e+01 1.301248891279410813e+01 1.309043576611933091e+01 1.314280808541701795e+01 1.313382767808790419e+01 1.317998662561972267e+01 1.328360819886831656e+01 1.330837255202496650e+01 1.335539952746297843e+01 1.337535946311176538e+01 1.354935094843351884e+01 1.401284685174278444e+01 1.434198651923181345e+01 1.475646452142675358e+01
9.638999049948099085e+00 1.133905925517771252e+01 1.210998284488407961e+01 1.238442025294541260e+01 1.264125849067685969e+01 1.293666246352199956e+01 1.294415212929529346e+01 1.319316045966131234e+01 1.323649932082707892e+01 1.341796232667451250e+01 1.349494272085745017e+01 1.353638057325136046e+01 1.355541884483863058e+01 1.369427899824872874e+01 1.374726776935943384e+01 1.376676155609735730e+01 1.384967924524589300e+01 1.386755236875411335e+01 1.391314947560468873e+01 1.394725035079896003e+01 1.411584457061254660e+01 1.464234653474602332e+01 1.498742335419144389e+01 1.542702561439869058e+01
1.001416052985701377e+01 1.164585604055314505e+01 1.254596111481390430e+01 1.290829630705460396e+01 1.304658643429648990e+01 1.337829899653206844e+01 1.352608057306821365e+01 1.358624360026890621e+01 1.380001928520050392e+01 1.397059638307704788e+01 1.392208228049526042e+01 1.412908552503839665e+01 1.403530321245378509e+01 1.417316672708986047e+01 1.431506172924084908e+01 1.435910250830375823e+01 1.438138860250389328e+01 1.439929906038433316e+01 1.452131598127027701e+01 1.456798913121463812e+01 1.470987046913274021e+01 1.517659521141972689e+01 1.559459533070336690e+01 1.608638821664514040e+01
1.028218064010080290e+01 1.184209601834806413e+01 1.285644907841272655e+01 1.334658120928446756e+01 1.367952961659515942e+01 1.383893392501616049e+01 1.394795836140680478e+01 1.411950929620436845e+01 1.437207109221304258e+01 1.433426668634101375e+01 1.448371177653200625e+01 1.460537145751513499e+01 1.467821387296324431e+01 1.470341482897897123e+01 1.479161489759587234e+01 1.486039397323768796e+01 1.500737024787009943e+01 1.494927194284607097e+01 1.501610778957111059e+01 1.499516437278728809e+01 1.521705080535440935e+01 1.578774245665185383e+01 1.625603359501615230e+01 1.674011885419601242e+01
1.080636955087232742e+01 1.246093173361681039e+01 1.324311777303117665e+01 1.375876111644071287e+01 1.404657510185091951e+01 1.427027283390984458e+01 1.448760672420912599e+01 1.469532661645187233e+01 1.478428780252576047e+01 1.487661983413805444e+01 1.499515150327598612e+01 1.502568847219259673e+01 1.516478012066826686e+01 1.524252676256649863e+01 1.532751298678909357e+01 1.537665780868184662e+01 1.541861814364276739e+01 1.545008433109315860e+01 1.559459693288326676e+01 1.558404303692377013e+01 1.580378505575199810e+01 1.631855884436092907e+01 1.684335837584226070e+01 1.737479977193586933e+01
1.103434425829100896e+01 1.287936934391903776e+01 1.367388904979837427e+01 1.405258517603196822e+01 1.437117411829260583e+01 1.479753708100868614e+01 1.488720352238194167e+01 1.511551371992642601e+01 1.526994858119945597e+01 1.534823468998122209e+01 1.554797372939659716e+01 1.558574475787565206e+01 1.570164162983501832e+01 1.576321278445103857e+01 1.581473962600753325e+01 1.586863086647413823e+01 1.598142029773681827e+01 1.601927199990380402e+01 1.606127967532317058e+01 1.613925821991861653e+01 1.638828005503996721e+01 1.695527784676598060e+01 1.744196862824419725e+01 1.801597734458245270e+01
1.136568766596782964e+01 1.319496230354694255e+01 1.405135562072620203e+01 1.454336814054286009e+01 1.498685673611746338e+01 1.523190297847433428e+01 1.549658928165442440e+01 1.552121136968065862e+01 1.568160453212525418e+01 1.588691529262451851e+01 1.600535652262053077e+01 1.611317102002123747e+01 1.626245989577256879e+01 1.636034124739554585e+01 1.634636362277614907e+01 1.639225792564376860e+01 1.646006452245705987e+01 1.654732700879617724e+01 1.664696225526857987e+01 1.665364307578544611e+01 1.684574337393251398e+01 1.748529784867052683e+01 1.802491423978632312e+01 1.862141188187311869e+01
1.146784818775438453e+01 1.367550217198534490e+01 1.455281876804126284e+01 1.505918489671612015e+01 1.538642871764557718e+01 1.575907022507005273e+01 1.588250405571998769e+01 1.609960031753039900e+01 1.625682978611474994e+01 1.634633148863499841e+01 1.645992317458993170e+01 1.664043885071668072e+01 1.667486632506616928e+01 1.675605001427878804e+01 1.697399111397127314e+01 1.688739256998043459e+01 1.691915980851726431e+01 1.701250745154095867e+01 1.716030637868334807e+01 1.714202186236298431e+01 1.734811628702162523e+01 1.801835145110768011e+01 1.860809226963127827e+01 1.922173085358813438e+01
1.185299514581013902e+01 1.391694399756755018e+01 1.503111848631544945e+01 1.554231170695012665e+01 1.571622749602376423e+01 1.609579098313819046e+01 1.632103514811879208e+01 1.652625356094525699e+01 1.668403494652597630e+01 1.674424620798537333e+01 1.702260642019346903e+01 1.701732988217882081e+01 1.706646330331006922e+01 1.728082246335434036e+01 1.731691257955222696e+01 1.742954344563932167e+01 1.755044286783576624e+01 1.752855454320224737e+01 1.758241529000548908e+01 1.766631661531522823e+01 1.792089619457687988e+01 1.855457047216298960e+01 1.915744985901059394e+01 1.982355971603696787e+01
1.220999899758355944e+01 1.447424679508049827e+01 1.524123626799685383e+01 1.597926141866202165e+01 1.615406921461923773e+01 1.648155844583178720e+01 1.670676633680267287e+01 1.702062283251752461e+01 1.714706452227278177e+01 1.732760313212560277e+01 1.736940269319563157e+01 1.758554602857956439e+01 1.764020468230512861e+01 1.773558811899352960e+01 1.780812598936114100e+01 1.786722716099320962e+01 1.797260414175601184e+01 1.803426838161296075e+01 1.808000515265204911e+01 1.810992593165055808e+01 1.839895050691831457e+01 1.917365751615688296e+01 1.969466087233229601e+01 2.041094115001964937e+01
1.268484268391024017e+01 1.466157609523024519e+01 1.561143508708187788e+01 1.618651010730521733e+01 1.671692139577315217e+01 1.693719063841064454e+01 1.725276841389671389e+01 1.751162450115770142e+01 1.748330559820567842e+01 1.770711923010885869e+01 1.783402538951364846e+01 1.793054497847464290e+01 1.816239759172249180e+01 1.814214443988529979e+01 1.818709677615829534e+01 1.837221548611584154e+01 1.848391221735185752e+01 1.864309228780510352e+01 1.853173622347244276e+01 1.861284030648350196e+01 1.891582289377667081e+01 1.967839139149018735e+01 2.028616629495112278e+01 2.096286942008306653e+01
1.265884186531547329e+01 1.485267011869667897e+01 1.592234931218868965e+01 1.649081271694131345e+01 1.703488530129668277e+01 1.746386763149511623e+01 1.759266489274187606e+01 1.789500576393680475e+01 1.794254155257881322e+01 1.815212721454922828e+01 1.838706264157820058e+01 1.842527841685433998e+01 1.855447361457080646e+01 1.866502467687012157e+01 1.867526655452231310e+01 1.882511164066385589e+01 1.894843787029062554e+01 1.901063586344669076e+01 1.900359508108873285e+01 1.912691709712059662e+01 1.935799588433200924e+01 2.015216931661674593e+01 2.083603561098828294e+01 2.155946459688474093e+01
1.292526376787191644e+01 1.543083656979522367e+01 1.658144144068902648e+01 1.702049401296061504e+01 1.740185763224431525e+01 1.788467218328361952e+01 1.807214660736590162e+01 1.832485316322888025e+01 1.846078142815040479e+01 1.874235315729075069e+01 1.874468522041500407e+01 1.904038370361191923e+01 1.906969146974667950e+01 1.911758816928761462e+01 1.911118129737880622e+01 1.930992273867800435e+01 1.946135824020504046e+01 1.942327734384228677e+01 1.949993374981269412e+01 1.955187013730942525e+01 1.992716274486944528e+01 2.065746448898723031e+01 2.134756492704666897e+01 2.213129207654773012e+01
1.328263502225956216e+01 1.576026638158286275e+01 1.663418235398319567e+01 1.751237363003224701e+01 1.779019867228740992e+01 1.829604578816304539e+01 1.843949960006667865e+01 1.857236264475744036e+01 1.897561373339069135e+01 1.908746763338960406e+01 1.922896669842035777e+01 1.938405878318723907e+01 1.941057166669305190e+01 1.960297023937398464e+01 1.968800585188549945e+01 1.974200499217146998e+01 1.983405391870880763e+01 1.993554113545161144e+01 2.005288692477350310e+01 2.001871422860358507e+01 2.033054415209499055e+01 2.116093786728938397e+01 2.185395852066719158e+01 2.271371473214554371e+01
1.341473712129867124e+01 1.600475336769374479e+01 1.722579066702996187e+01 1.767062918546542960e+01 1.811155242886287553e+01 1.848962067147432009e+01 1.873173008921680349e+01 1.915137943734584880e+01 1.914183522035663998e+01 1.945710465386181198e+01 1.967890335957536863e+01 1.976000984659133408e+01 1.994858247432505749e+01 1.998885060160738547e+01 2.001888157242931143e+01 2.018508663160129757e+01 2.031505067563403699e+01 2.036253141219469853e+01 2.049506816170170254e+01 2.051981056437370654e+01 2.084954038506681329e+01 2.163201797550583194e+01 2.239088869024717354e+01 2.323460841146578915e+01
1.374083855681834088e+01 1.617115009583973517e+01 1.747718682530971535e+01 1.828907393700137973e+01 1.862547315818225968e+01 1.884580164425535642e+01 1.928395923348048058e+01 1.945479458225837632e+01 1.976555967135439928e+01 1.993664431770755385e+01 2.002387804391323911e+01 2.023279894081768404e+01 2.029127533438896691e+01 2.051605739421172103e+01 2.065419666545937005e+01 2.059711449983365128e+01 2.071377998984668167e+01 2.087842197624782870e+01 2.097366096906412736e+01 2.101361304599788227e+01 2.126034865219330072e+01 2.215748547999139717e+01 2.291512378334066824e+01 2.377447444810853128e+01
1.419378229364994937e+01 1.670519762408695996e+01 1.792318825887281619e+01 1.844152533285135576e+01 1.891843879315137045e+01 1.926634827257093718e+01 1.957842983539736537e+01 1.992284739418200701e+01 2.018811910835761836e+01 2.042060804398224150e+01 2.051718917267634268e+01 2.070428546128921354e+01 2.081112080202103698e+01 2.101123037313945474e+01 2.091288315491775052e+01 2.115447741785575175e+01 2.118215046893044118e+01 2.119603881596122719e+01 2.128005203772910292e+01 2.151713004718474664e+01 2.179657272528520551e+01 2.265226089603788751e+01 2.341793219939871662e+01 2.431077113398600886e+01
1.412269904486621996e+01 1.721162403742951597e+01 1.792893768172207913e+01 1.889184716168505318e+01 1.931504603653801411e+01 1.977928034437229243e+01 2.002922731261348233e+01 2.030635807626817879e+01 2.056599126322006654e+01 2.078522240051083259e+01 2.096555673397116237e+01 2.116994062866810822e+01 2.114512941676746749e+01 2.134003808182614748e+01 2.142817898255715647e+01 2.151872747345842996e+01 2.164672472550814319e+01 2.173293496876042852e+01 2.180726848309208776e+01 2.178368941290658256e+01 2.219850528153770597e+01 2.308281743828204213e+01 2.396192253461371280e+01 2.487151156059721302e+01
1.435206814058097002e+01 1.725605140109605529e+01 1.859757685294234975e+01 1.913807588063045984e+01 1.978543440010060905e+01 2.022972503463337546e+01 2.039543088224792555e+01 2.069536194332534862e+01 2.090074867528306513e+01 2.110724471810621239e+01 2.112542473719024727e+01 2.141304047214137540e+01 2.163677382064741650e+01 2.180736700455155130e+01 2.175818310922767651e+01 2.193323536680874852e+01 2.203780001005782196e+01 2.204059292870880782e+01 2.224931629380915155e+01 2.229628255724585273e+01 2.263425092387519300e+01 2.364267472219037813e+01 2.442832290148635366e+01 2.541805863547955013e+01
1.458946994102869255e+01 1.778047680046942602e+01 1.858965607903732575e+01 1.933658860680560210e+01 2.006465152608673463e+01 2.057914111533537849e+01 2.090021201603629208e+01 2.110947509909097164e+01 2.132397256606142832e+01 2.147264729090650803e+01 2.171545831894325218e+01 2.192034317459630444e+01 2.204747351376160225e+01 2.207238679055637931e+01 2.218069750273907914e+01 2.233174967119886745e+01 2.252053473303649866e+01 2.263479872117727609e+01 2.258281567987104310e+01 2.268579676425957103e+01 2.312443513257704453e+01 2.405981128025941018e+01 2.490229765684421182e+01 2.590469090467727398e+01
1.501766125259616480e+01 1.798886947210000287e+01 1.915496185533548967e+01 1.973268039223416537e+01 2.045996620783692066e+01 2.077302502579214050e+01 2.119324621190007818e+01 2.159562603214217091e+01 2.164650836982548299e+01 2.205353634903406501e+01 2.209353294316528249e+01 2.230550371210610905e+01 2.241144407516471659e+01 2.260344903995182619e+01 2.261020559378236072e+01 2.272122945494812640e+01 2.294430310603274492e+01 2.292933379858667209e+01 2.307750790176542210e+01 2.307737056461953173e+01 2.352667824134877250e+01 2.453037253925765881e+01 2.540039048352632989e+01 2.644948054598495801e+01
1.507635732250294680e+01 1.810655712471909240e+01 1.942941304833239968e+01 2.029785574689935856e+01 2.077142228746562935e+01 2.119199307468896976e+01 2.156960513044378658e+01 2.169608588966929474e+01 2.198955602842750423e+01 2.241897125693945370e+01 2.247034957422867762e+01 2.263919878743458369e+01 2.278345718759612737e+01 2.288659322277912622e+01 2.301014377358772123e+01 2.314319250973671060e+01 2.329008022538627287e+01 2.342670594713382926e+01 2.347174563266503000e+01 2.354725361350100599e+01 2.390954700580017445e+01 2.494588735806568280e+01 2.591067330034531935e+01 2.691786445467003830e+01
1.543020816919586125e+01 1.851028092815884207e+01 1.992763827012673872e+01 2.048062364740164298e+01 2.109212141916331262e+01 2.159263789317039439e+01 2.190956154854699278e+01 2.232774298174093630e+01 2.255375931925246746e+01 2.263622152939767318e+01 2.281006245454008052e+01 2.312367521179705676e+01 2.311221640846096292e+01 2.335232314442082568e+01 2.354375796872836091e+01 2.365869049402002133e+01 2.365438786774307900e+01 2.382007826112715065e+01 2.385871933012791146e+01 2.386275588759480470e+01 2.432809032979076491e+01 2.547340147174570646e+01 2.634341538283846162e+01 2.743653871785351228e+01
1.575215092103063341e+01 1.867113975960689132e+01 2.004430895128903245e+01 2.111141681530174452e+01 2.164773390317426660e+01 2.189955450571597240e+01 2.243861104100077242e+01 2.254709201464208590e+01 2.272367320311603578e+01 2.302324506493442158e+01 2.316086299751696131e+01 2.348246904025137738e+01 2.363703945454048494e+01 2.372754918540200464e+01 2.392066812328830494e+01 2.399353733397493826e+01 2.412240059162502348e+01 2.438201184758834117e+01 2.435343639143389893e+01 2.442076500495733526e+01 2.477547170806487742e+01 2.586914155336784304e+01 2.676672138677023582e+01 2.790605841741244930e+01
1.574143709649990797e+01 1.889342965040166433e+01 2.036355268095786286e+01 2.116525687428034530e+01 2.178541435952046967e+01 2.238977674300671339e+01 2.278582250373997198e+01 2.300980695885999339e+01 2.322497102086169463e+01 2.343749375591226780e+01 2.361972265381099589e+01 2.381962333534247023e+01 2.397639007962714786e+01 2.414973508227830834e+01 2.431349661498524384e+01 2.434941651874888890e+01 2.440271050517596763e+01 2.449002822200585427e+01 2.469112420803292096e+01 2.479781823211035174e+01 2.523952076749903384e+01 2.634539927004323445e+01 2.725778130407825373e+01 2.845157431299875128e+01
1.639471025036639062e+01 1.919006082597212881e+01 2.058293495700536013e+01 2.139796551495155086e+01 2.218451226099114493e+01 2.257952849413658925e+01 2.303943374998888416e+01 2.326378577485882104e+01 2.365981705612637143e+01 2.387228832861065086e+01 2.402322445289316022e+01 2.413802181186073170e+01 2.439945428003500183e+01 2.446434757105054203e+01 2.463752940539597702e+01 2.481438928046486936e+01 2.500724928076351716e+01 2.497733168218941557e+01 2.514833256613724544e+01 2.517542893023444250e+01 2.563215999484194541e+01 2.672448463713810440e+01 2.771979653656233467e+01 2.895621167789064287e+01
1.634062572713222039e+01 1.947031550475975692e+01 2.088270900501899163e+01 2.191446757186263383e+01 2.237403995236126875e+01 2.304365097893620273e+01 2.340331916545288138e+01 2.350406197555639665e+01 2.396697914768705218e+01 2.428949138378241912e+01 2.432704814862808718e+01 2.468286369900697963e+01 2.476533567440741024e+01 2.488839181694387293e+01 2.500987796213464520e+01 2.522252579553547136e+01 2.532768645521966988e+01 2.540347512876011393e+01 2.555797287853524580e+01 2.556327782956317662e+01 2.606603427086921343e+01 2.719244470709814721e+01 2.826092653005610345e+01 2.942612002928412451e+01
1.667686739476360458e+01 1.977576598126755414e+01 2.141028788374428871e+01 2.212757418459073477e+01 2.282464161507230571e+01 2.335455435939081426e+01 2.370623696089725740e+01 2.405403052540317788e+01 2.417383202891794269e+01 2.460390804577192370e+01 2.478838222628687760e+01 2.478230359618935097e+01 2.514996551214837694e+01 2.525175806365319175e+01 2.545957128073591846e+01 2.545512051248472574e+01 2.568763593260221612e+01 2.577474253103090263e+01 2.595950582686972297e+01 2.604706240367992010e+01 2.644570358596448045e+01 2.766711403000285685e+01 2.863119129548333675e+01 2.990823056842894800e+01
1.655963298541049866e+01 2.031736928588129132e+01 2.156732463447289305e+01 2.245099147655100325e+01 2.307380185513095938e+01 2.355852491554097128e+01 2.395032535506747706e+01 2.450059301998184225e+01 2.480135553585047958e+01 2.488279687674621599e+01 2.519630598033354474e+01 2.533329803027662663e+01 2.550576326545125383e+01 2.570621822460814698e+01 2.578127400518323142e+01 2.586315876418843018e+01 2.603784119831227173e+01 2.612244807126923973e+01 2.638177569157475943e+01 2.641390617102995719e+01 2.687346673791000740e+01 2.806209838445137095e+01 2.913218703981781488e+01 3.037734585644328078e+01
1.689470411118606563e+01 2.036953131454957600e+01 2.191699032046879125e+01 2.271669921317051433e+01 2.358446121446730004e+01 2.394800913568687406e+01 2.455172647256746288e+01 2.472792668432228780e+01 2.497546697323453202e+01 2.529912653766186992e+01 2.544632308650384900e+01 2.559736078522505665e+01 2.576163866130990243e+01 2.595891489162732668e+01 2.611835198928044122e+01 2.642889077210450210e+01 2.635639573401838831e+01 2.649285271542753506e+01 2.663610380796059829e+01 2.684445038368082947e+01 2.726030569433108042e+01 2.844730682878905625e+01 2.951782986806852449e+01 3.084353236707407220e+01
1.732585346406731119e+01 2.064700054297493281e+01 2.201601564143949474e+01 2.314522533620046829e+01 2.380147260450769409e+01 2.429611342815859132e+01 2.449334384313703694e+01 2.519970984594901964e+01 2.539097281203659406e+01 2.567566465831600553e+01 2.595743284934816586e+01 2.593225885567708744e+01 2.633866740080880220e+01 2.638858417058974126e+01 2.666009220814610359e+01 2.671668635104245482e+01 2.681152613763367398e+01 2.690227634683813562e+01 2.697667958167300029e+01 2.706341015752546397e+01 2.766163891733068425e+01 2.892215206884358025e+01 3.001029632445032291e+01 3.129321585767020508e+01
1.741417912547959190e+01 2.089360283028055676e+01 2.259617077774763061e+01 2.334863156331909195e+01 2.414466393153331580e+01 2.447905909118686907e+01 2.516534773261998836e+01 2.534138349571295734e+01 2.578177613887061526e+01 2.588588955439761463e+01 2.616955447871872664e+01 2.645632139923353776e+01 2.663278735270338871e+01 2.667032519772625676e+01 2.689993035408519617e+01 2.710688819606179578e+01 2.720994611558480258e+01 2.743154832849452163e+01 2.743241850335476428e+01 2.755483138144690614e+01 2.794674551274173169e+01 2.924477188849799347e+01 3.037452577394811115e+01 3.177873244113316176e+01
1.764846518357842697e+01 2.118781909297110744e+01 2.282846125540796578e+01 2.351403393952103116e+01 2.436264631093799693e+01 2.488566048115121276e+01 2.528912503980008708e+01 2.567933450177813981e+01 2.611879529484349405e+01 2.633418939149171223e+01 2.661282421549679711e+01 2.672225870725331021e+01 2.687623900863263415e+01 2.701900841793309738e+01 2.721014165415596864e+01 2.755009758566913192e+01 2.747984205538465119e+01 2.783512694372534924e+01 2.786357100417518851e+01 2.794161289695328421e+01 2.832882268265820969e+01 2.967052170344670259e+01 3.090070390273930201e+01 3.222010101849324570e+01
1.761474700423688944e+01 2.151724835143344094e+01 2.301244372728424281e+01 2.403940524450322869e+01 2.465459492715882206e+01 2.534968124781427434e+01 2.576920601160899338e+01 2.584041326437077757e+01 2.631413599202126008e+01 2.672519511882073573e+01 2.677140400097927397e+01 2.726560595725682035e+01 2.738759234700734879e+01 2.767118449369251110e+01 2.757733226885251199e+01 2.767597087177558990e+01 2.799420245606764013e+01 2.799698034794286627e+01 2.814748154271892489e+01 2.826253333647218469e+01 2.884902810821396457e+01 3.010189535938431504e+01 3.123444652792169052e+01 3.270855906357208198e+01
1.797731576098074768e+01 2.178944477334141538e+01 2.346156507890134435e+01 2.446514413397260057e+01 2.518987180277353133e+01 2.583478481202149268e+01 2.600184656003214201e+01 2.638697750893897975e+01 2.678201130901871352e+01 2.691269565197257307e+01 2.725433989849927485e+01 2.766983915122043669e+01 2.780234569690943403e+01 2.781254618661094824e+01 2.809025243260263949e+01 2.831712923814145100e+01 2.823060307560178117e+01 2.845307445284130310e+01 2.855415306978545331e+01 2.857759011776577296e+01 2.906568997025858181e+01 3.054455808387516669e+01 3.171562893369483760e+01 3.314084599783089402e+01
1.815220451187249040e+01 2.197402291198231694e+01 2.357553716761621132e+01 2.453205678103468301e+01 2.496034663678819854e+01 2.592793233186820956e+01 2.651680860276071172e+01 2.664336978171075287e+01 2.709209214304709690e+01 2.742915123730621829e+01 2.752959316258537825e+01 2.773013289079575472e+01 2.795445998633658391e+01 2.818739902580973933e+01 2.842442320405057288e+01 2.853179198034813169e+01 2.864185198742619676e+01 2.871365711798257792e+01 2.882965583985768632e+01 2.896457780047348507e+01 2.947608391258437166e+01 3.082572868391721244e+01 3.212325870236124814e+01 3.361895366740011326e+01
1.862564032266771719e+01 2.214030071896278429e+01 2.361207567020069575e+01 2.497106905525889431e+01 2.558106100456824095e+01 2.605437495891829869e+01 2.655971944841628840e+01 2.716645488505452732e+01 2.731626614885887605e+01 2.769852348658434593e+01 2.799729734513487145e+01 2.813099874603960870e+01 2.837956683936507574e+01 2.852180955439520815e+01 2.874026841004344845e+01 2.898244824523377616e+01 2.898155674364836187e+01 2.901833461568764960e+01 2.920392549228668599e+01 2.942802719261420563e+01 2.986134567030660136e+01 3.129709989366456213e+01 3.264121819079318954e+01 3.404360752366134335e+01
1.826326367542991136e+01 2.274106948774668879e+01 2.427432169623259739e+01 2.546741059467579404e+01 2.597617524486956953e+01 2.654383100965909748e+01 2.714704647039427599e+01 2.728218184942813807e+01 2.769589932479106764e+01 2.801186632558848544e+01 2.812910802954896639e+01 2.856797178863914866e+01 2.885625202998863514e+01 2.902900551174345622e+01 2.906438559704647062e+01 2.917671677212182502e+01 2.946087374370158329e+01 2.941281462072243258e+01 2.970245931156838282e+01 2.974779286113203369e+01 3.036555145889164464e+01 3.171526390873137657e+01 3.305577585257300655e+01 3.449659437253930605e+01
1.906855446532843601e+01 2.281202125725436858e+01 2.450541743632787828e+01 2.563176615275147796e+01 2.622644771691815890e+01 2.704391789667227997e+01 2.732318184557074048e+01 2.769778852342416897e+01 2.800199305916583015e+01 2.823023814050568348e+01 2.852089651925237490e+01 2.893266198988067117e+01 2.885613258623375543e+01 2.924362119490758261e+01 2.938014692346907353e+01 2.963440537524549967e+01 2.976148911462705371e+01 2.981013898392394879e+01 2.998164920014826862e+01 3.003602181916221880e+01 3.060809417837729285e+01 3.207979446594198691e+01 3.338096278289136620e+01 3.495482284364186398e+01
1.883115129654748188e+01 2.285960077568433846e+01 2.461982082311613240e+01 2.572239120863559592e+01 2.677203682301009380e+01 2.721845773718260375e+01 2.759057026631007048e+01 2.802671603351780050e+01 2.836041749394914291e+01 2.873523139466658094e+01 2.877556221715049034e+01 2.907368600834859507e+01 2.939574418433505443e+01 2.966015970491508114e+01 2.976012044794121891e+01 2.986406047272684106e+01 2.994019304991227415e+01 3.016106915039643965e+01 3.040506753367369441e+01 3.042855850863892542e+01 3.104559554568951185e+01 3.240113571905624923e+01 3.384293411712568656e+01 3.536465149680077502e+01
1.917047632264206314e+01 2.289618752516876654e+01 2.471277558776044003e+01 2.611386162322539306e+01 2.693957591244510397e+01 2.735346680955086285e+01 2.802146011450019003e+01 2.840150739338612240e+01 2.871272956889562167e+01 2.900601343871958449e+01 2.930841861362850409e+01 2.933372372149655760e+01 2.970242353624286835e+01 2.985245710462602275e+01 3.010619788121008611e+01 3.034711549490117122e+01 3.026738992751306867e+01 3.060276360595584677e+01 3.071370355703934862e+01 3.081878554282635463e+01 3.131456845503125308e+01 3.292183397049763727e+01 3.422002436556835647e+01 3.582979786062779226e+01
1.925918995761999497e+01 2.333439551308612536e+01 2.529848013296832576e+01 2.619611521422984524e+01 2.723758916131507846e+01 2.784642114974048965e+01 2.838904198932317868e+01 2.870525149690876177e+01 2.900591222090857002e+01 2.931341945028924201e+01 2.952487501037443351e+01 2.975033010475257456e+01 3.011607063353968883e+01 3.023226406093905538e+01 3.052720277350215738e+01 3.047119310557808092e+01 3.069786927422818223e+01 3.083995617650604260e+01 3.096506468296720271e+01 3.109250441002193455e+01 3.166792895950072761e+01 3.325658053646133538e+01 3.458533546169788053e+01 3.622909642778751049e+01
1.957172364245126062e+01 2.376660450601692531e+01 2.541479013672447351e+01 2.677721512636927415e+01 2.774227242182710640e+01 2.817688701470828505e+01 2.877526345852480461e+01 2.881190631110967360e+01 2.914295218143409727e+01 2.964956837000522327e+01 2.981356108603242916e+01 3.015573707742488807e+01 3.043369534323040071e+01 3.070359057793157120e+01 3.076822852834171584e+01 3.086835148791477579e+01 3.103534181804060665e+01 3.131788070666451773e+01 3.145433946474684106e+01 3.138460516220037277e+01 3.187410090913728666e+01 3.365981082302081973e+01 3.503196735038785192e+01 3.667446721034576740e+01
1.996966415369651671e+01 2.399425449698066259e+01 2.560054879288600560e+01 2.700117533783319601e+01 2.800379887996886197e+01 2.823194008574950686e+01 2.890919515473455093e+01 2.912180255679588470e+01 2.963236185111970755e+01 2.981905165310623929e+01 3.031942018595571042e+01 3.039068696396592273e+01 3.063477208744261304e+01 3.081455482080992070e+01 3.126336378768809965e+01 3.130927237934644936e+01 3.150959152909992156e+01 3.153868473801519556e+01 3.173867522393443608e+01 3.189974958592069854e+01 3.240915357753696924e+01 3.398779425650933916e+01 3.538332190708067770e+01 3.709868415684197629e+01
1.982887936667759732e+01 2.414700736341545451e+01 2.618223155801674551e+01 2.740537077808221866e+01 2.801452119951592934e+01 2.855560121972352761e+01 2.908768519776278438e+01 2.951482329506173130e+01 2.974665701005093510e+01 3.028932324859057346e+01 3.056066242944145017e+01 3.074610458103278532e+01 3.104004864989121515e+01 3.122519863983572108e+01 3.136533077059512209e+01 3.155767344577765954e+01 3.170474546716468822e+01 3.191542293694331534e+01 3.214777071977161427e+01 3.216433172487762704e+01 3.277764771954089440e+01 3.439797561463525000e+01 3.579566421014771294e+01 3.744551960569342697e+01
1.995950943189308546e+01 2.444681019927049448e+01 2.585482715183445279e+01 2.732358817666349182e+01 2.826858953555922582e+01 2.888746085846337763e+01 2.936099526020454675e+01 2.997662215660293938e+01 3.007642479742128216e+01 3.065552569195563137e+01 3.086506471746827529e+01 3.108693240273979441e+01 3.136724009931033308e+01 3.137865523015263136e+01 3.162170888747206732e+01 3.189143541103787527e+01 3.211580664119245654e+01 3.213711118234608222e+01 3.237747345550010891e+01 3.253279050791930871e+01 3.322194305093601230e+01 3.471500372659279776e+01 3.622138825589700417e+01 3.791963377025441417e+01
2.016952550075285799e+01 2.469475028352688994e+01 2.652217711060542982e+01 2.729874834985393051e+01 2.864121723154099186e+01 2.923724338001932566e+01 2.970463779576897778e+01 3.027874120491718202e+01 3.042575896194368923e+01 3.104432442009851911e+01 3.122638884280462079e+01 3.163005727772638309e+01 3.169598797754359154e+01 3.190468928217268640e+01 3.198254258531611072e+01 3.222868743179436279e+01 3.240762277738070196e+01 3.257355834752247858e+01 3.268407776948731680e+01 3.286331097716714567e+01 3.345410950931130145e+01 3.516065304932108404e+01 3.660390076459898978e+01 3.832252162537217544e+01
2.064893462316233652e+01 2.513356511420696648e+01 2.693248424992134815e+01 2.784640417125303813e+01 2.898648315603849923e+01 2.930325585089850904e+01 2.980950458942529480e+01 3.035931588462971931e+01 3.069431764883602298e+01 3.121300112650683900e+01 3.140241787930802175e+01 3.175071626326236895e+01 3.201818482140853206e+01 3.213364025588121820e+01 3.234582969094950045e+01 3.261993099801998142e+01 3.270108916662680798e+01 3.300789870952714722e+01 3.329939644920127506e+01 3.307528231585976641e+01 3.380144483882941842e+01 3.547580090551996079e+01 3.696620877323699261e+01 3.871072192444321303e+01
2.069351882112417584e+01 2.499264594565485353e+01 2.724750184240977546e+01 2.824291028552487504e+01 2.910423533979227173e+01 2.985139233538827597e+01 3.040321215372295782e+01 3.066918021160030250e+01 3.119896606528693539e+01 3.126412913539352445e+01 3.185609403874107670e+01 3.213825577555963520e+01 3.235780665753969032e+01 3.258189508848975180e+01 3.271329116080622157e+01 3.287013485906194887e+01 3.311352111859301317e+01 3.327008473387217435e+01 3.339371650885088627e+01 3.365256217679849016e+01 3.415775743569123080e+01 3.579531341790161036e+01 3.728765551790746713e+01 3.914539658139383249e+01
2.080105822942769578e+01 2.515852050005266705e+01 2.720744248304275459e+01 2.848533167508029251e+01 2.949723801154859260e+01 3.003981638924728870e+01 3.083741259500002840e+01 3.102339023839163445e+01 3.144384023669110917e+01 3.181500786577876028e+01 3.212833619642628236e+01 3.242428630803767931e+01 3.252995824383760493e+01 3.288774534135097127e+01 3.307323396964947193e+01 3.313797489028422660e+01 3.329751094570926995e+01 3.349536264449103129e+01 3.369659674866539945e+01 3.386858724647672858e+01 3.457333357746006897e+01 3.608107521542422091e+01 3.770826516074664880e+01 3.952255104868203262e+01
2.104090926415922524e+01 2.546817591229723377e+01 2.767493533492521607e+01 2.854819630836582434e+01 2.947942221427613418e+01 3.033884553307123610e+01 3.080990400566022913e+01 3.135504373200625139e+01 3.157057967725425840e+01 3.203771148809951086e+01 3.250946830612139138e+01 3.271670787388183754e+01 3.285518948250806659e+01 3.340607270034571030e+01 3.340691554591993651e+01 3.333997722676562603e+01 3.394242551834743438e+01 3.396771597879116200e+01 3.417556096499343710e+01 3.429148624448450988e+01 3.491108357253313699e+01 3.653451284453594639e+01 3.813631302438278681e+01 3.990756690385276784e+01
2.097408187326567131e+01 2.564114306852813741e+01 2.780698898776060446e+01 2.891762243741872851e+01 2.978886287903356234e+01 3.047556024522922158e+01 3.105158504648230533e+01 3.185212555366569021e+01 3.198265656475922114e+01 3.239018093938749843e+01 3.252629502528029093e+01 3.302316102731287373e+01 3.329420831314747886e+01 3.348287581241402933e+01 3.361510878009605818e+01 3.393188266352115789e+01 3.413475717864961467e+01 3.409285824084243899e+01 3.426389704722824092e+01 3.456641896862703334e+01 3.514743549258469812e+01 3.685996677907598240e+01 3.848840254387930315e+01 4.037583513966519888e+01
2.124299448995019191e+01 2.579088092223377870e+01 2.782499679903938983e+01 2.929498780239665834e+01 3.018074298126916233e+01 3.089603728962013207e+01 3.153609353008900129e+01 3.183862241295874185e+01 3.235759415927520166e+01 3.257778201215741376e+01 3.281213391635674981e+01 3.338976939855000836e+01 3.367474224457757970e+01 3.364705809821029447e+01 3.399291020161829380e+01 3.414609691640693967e+01 3.430129332265212128e+01 3.440022194212587436e+01 3.474604436023668086e+01 3.477137684106020288e+01 3.533665129152281281e+01 3.723776237789204657e+01 3.883240771972794647e+01 4.073003250442032908e+01
2.134472372288832176e+01 2.603525406201377379e+01 2.809702450497515613e+01 2.993444302309972826e+01 3.062418863513991596e+01 3.142789540214070598e+01 3.176144787112717083e+01 3.225135508763584369e+01 3.267864767364648060e+01 3.291335208520258249e+01 3.328642127821645147e+01 3.367790386282397463e+01 3.365391782927107300e+01 3.395681519388916314e+01 3.422116619166089890e+01 3.439479301977763726e+01 3.462848789468187505e+01 3.501502518867637548e+01 3.508453131221135379e+01 3.515451685899966350e+01 3.584368468524658624e+01 3.760017125760592194e+01 3.915179882191349492e+01 4.115580205854610796e+01
2.178710220601005432e+01 2.659930800498963777e+01 2.847992515666658164e+01 2.985172779934809739e+01 3.075048380799717407e+01 3.142681203791603295e+01 3.195407941557755294e+01 3.240599097077436141e+01 3.296086953017041310e+01 3.340015211483654411e+01 3.355600542818339704e+01 3.372672152064875917e+01 3.415612290189655198e+01 3.453862753298034249e+01 3.457128217763781919e+01 3.457732249358537757e+01 3.481372301592782037e+01 3.519139863007475810e+01 3.517651317284569501e+01 3.557085858892335750e+01 3.608137486518354820e+01 3.805088737773555607e+01 3.961183174108153082e+01 4.152442305647898735e+01
2.209132471169022338e+01 2.663864719414748450e+01 2.875124785879877365e+01 3.006834844202073498e+01 3.096590810618865675e+01 3.175537750778545742e+01 3.207236132570977816e+01 3.252839180792938123e+01 3.323826799697688017e+01 3.352949154425628109e+01 3.375739087818557493e+01 3.404402020921302352e+01 3.431003469965902042e+01 3.481631736791364062e+01 3.496184021590432422e+01 3.503545037498049197e+01 3.517498893992342346e+01 3.550181791807712983e+01 3.574978189144592022e+01 3.572132475202915458e+01 3.646311648023299767e+01 3.837870626458165901e+01 3.997137079875332688e+01 4.188542361738696940e+01
2.190020500178145824e+01 2.667747417167482737e+01 2.902078660955958256e+01 3.022689712694756636e+01 3.136835507578579296e+01 3.209279941790565260e+01 3.253606615476248720e+01 3.302074873300590241e+01 3.333362530751294628e+01 3.377083703409437732e+01 3.431863351685690589e+01 3.446826534016290822e+01 3.470374643589438790e+01 3.496338572779585974e+01 3.520895310091102459e+01 3.530579419361678362e+01 3.551354821956838492e+01 3.569358129663181245e+01 3.597328667950340986e+01 3.608622971874702756e+01 3.673319680009518606e+01 3.857171788087472208e+01 4.039581333155928888e+01 4.228351387781329151e+01
2.217176518481433334e+01 2.708891162106944606e+01 2.918363892236869006e+01 3.049745048365624456e+01 3.171405030452520890e+01 3.215506868511450733e+01 3.298630549961669089e+01 3.325286154720115661e+01 3.389565847421252442e+01 3.417852617579423224e+01 3.442152386413158638e+01 3.482521834285685003e+01 3.485101845803373521e+01 3.517954123468361871e+01 3.545820763356039862e+01 3.567567079200774316e+01 3.582805206820398780e+01 3.631195653551335312e+01 3.628667566451420612e+01 3.659034384649081062e+01 3.692717137545171369e+01 3.896425734813803388e+01 4.079048457708723419e+01 4.267984148802173650e+01
2.191842596302781132e+01 2.733106988369474166e+01 2.944829235018434233e+01 3.073371687753057202e+01 3.178284897755424510e+01 3.242817469337680336e+01 3.314943590640840654e+01 3.334334453493440975e+01 3.387514906473358423e+01 3.440942884105158583e+01 3.486609504687692151e+01 3.489030919466193126e+01 3.527154117120918642e+01 3.556024298978019260e+01 3.583508723203654966e+01 3.581603604625004778e+01 3.625587236906621769e+01 3.625364213197172347e+01 3.672396353832724003e+01 3.669242201366966327e+01 3.728219357212941532e+01 3.928605729782820077e+01 4.103512865788255226e+01 4.306120040443138208e+01
2.250862579437633926e+01 2.778251650006727402e+01 2.967920067667577300e+01 3.091727488525010514e+01 3.180831792010231140e+01 3.297683066566618493e+01 3.357216807719374430e+01 3.367461899306000106e+01 3.427890427594660139e+01 3.464006028963708417e+01 3.508642931603540660e+01 3.534614617213775034e+01 3.543077656758391925e+01 3.598554919210749148e+01 3.608671643639857507e+01 3.642300721000894725e+01 3.662044368917479176e+01 3.671699619114441049e+01 3.696792941072690297e+01 3.698775982951304542e+01 3.757143277247583057e+01 3.961817654079525397e+01 4.137809785002547613e+01 4.338798078977225714e+01
2.260430582891199691e+01 2.773401402143599270e+01 3.026238879314376717e+01 3.101429980761771787e+01 3.216228089969131787e+01 3.296949996162927476e+01 3.363941146232512125e+01 3.412014857035180881e+01 3.454749960354699567e+01 3.511180395747260974e+01 3.526746741992889866e+01 3.550553158342367510e+01 3.586638019249170384e+01 3.619088346410891432e+01 3.645252596808817458e+01 3.667939535303765552e+01 3.673526541983741822e+01 3.695567215813834139e+01 3.724101370458603100e+01 3.723773650081504627e+01 3.800200048654762952e+01 3.995672136265044116e+01 4.180256222178589098e+01 4.379333881847141186e+01
2.305196697572882059e+01 2.773198531264101518e+01 3.002313977309258419e+01 3.147228953992845035e+01 3.236366692276472179e+01 3.319567458829637729e+01 3.381034107231198504e+01 3.428698217822947214e+01 3.523831159392108248e+01 3.535784434763075268e+01 3.542294207316965782e+01 3.594824003058051431e+01 3.609602692310274108e+01 3.650465952896345811e+01 3.647309722186304271e+01 3.689713556144447182e+01 3.706989503216183124e+01 3.722507390942705996e+01 3.760219129288527284e+01 3.758409356031291537e+01 3.829262240208862522e+01 4.031773100893150996e+01 4.207763720006993680e+01 4.414067751920853766e+01
2.285681776928856479e+01 2.775061236739883341e+01 3.047687928080060260e+01 3.184727227597515054e+01 3.283343275148298801e+01 3.332516556896396054e+01 3.429009103805943681e+01 3.490698467998088717e+01 3.517560776673002465e+01 3.543931710303963456e+01 3.584193773748972944e+01 3.633379828054520289e+01 3.633432486047900767e+01 3.685980442946338798e+01 3.692489859776296868e+01 3.714913731337514946e+01 3.750267465695762326e+01 3.770072894208820458e+01 3.762634321774769575e+01 3.778911784506906457e+01 3.853181644061264421e+01 4.072271226087307383e+01 4.235276666770545262e+01 4.459972277994052803e+01
2.294442324497529739e+01 2.853675222490742769e+01 3.046685588063034089e+01 3.213111926618525160e+01 3.296452640674724677e+01 3.379106344602133305e+01 3.444056992989541754e+01 3.493271222952321153e+01 3.527909184841176682e+01 3.562935028266022641e+01 3.620191557981676311e+01 3.664621880889531269e+01 3.681523668968515750e+01 3.711238441385652465e+01 3.731092145142084604e+01 3.751764546401417988e+01 3.772807928093365604e+01 3.779943502097701469e+01 3.805583151214204207e+01 3.826213371561671295e+01 3.888789591061176765e+01 4.083860730650081905e+01 4.286431456111500893e+01 4.494117702496603783e+01
2.338554631286458374e+01 2.812956294027974735e+01 3.079589715868188549e+01 3.228741641728748135e+01 3.331850390829390562e+01 3.399011930873022180e+01 3.463562560563597970e+01 3.529003764443039870e+01 3.573127686002666081e+01 3.625749527129325145e+01 3.658014144097416676e+01 3.678047051242531040e+01 3.716615774264311511e+01 3.748381874407429848e+01 3.735835903503330258e+01 3.783152360897662447e+01 3.802489637464160666e+01 3.816552954912484807e+01 3.822648178774402083e+01 3.864041894340001448e+01 3.936014752772982206e+01 4.132608840892069679e+01 4.322817390451566411e+01 4.529501995741510711e+01
2.333230868854806062e+01 2.876339467100063274e+01 3.102157480304853721e+01 3.241089394952167169e+01 3.369561271628175092e+01 3.436928594189824082e+01 3.472003385460431701e+01 3.544593504149987240e+01 3.590888275744419644e+01 3.623329449016247850e+01 3.663047957506073260e+01 3.705195076935831366e+01 3.729546062779906634e+01 3.759313522421962972e+01 3.755312520595651193e+01 3.799945383399941790e+01 3.829899232391093733e+01 3.848924932073654048e+01 3.868382046369248428e+01 3.886883340742281945e+01 3.956008548836386041e+01 4.158649110988789488e+01 4.346296395716119321e+01 4.565829093221266533e+01
2.340415382148026424e+01 2.871345439987943848e+01 3.125651243023918724e+01 3.308565036277747851e+01 3.363939213254590754e+01 3.455714067209253670e+01 3.506837319891729976e+01 3.567527553444470811e+01 3.636725354131834820e+01 3.649111417884061837e+01 3.713918754156589586e+01 3.735960128718653550e+01 3.777555484304045308e+01 3.795871748403699542e+01 3.803485527166687064e+01 3.831010642457712834e+01 3.828552336228539588e+01 3.878159286087579716e+01 3.895577925634648153e+01 3.890143909537898281e+01 3.986460270074149292e+01 4.200568530473366735e+01 4.380900576684121717e+01 4.603760770535989622e+01
2.401683676392249112e+01 2.896438398362571576e+01 3.158071089602193737e+01 3.285690868929214048e+01 3.430127622461574788e+01 3.469545055203536066e+01 3.554449024593791506e+01 3.593105984784276785e+01 3.659129299061456209e+01 3.679809100787670673e+01 3.731650671431720667e+01 3.750754512408891372e+01 3.781621815923931251e+01 3.798586635826295321e+01 3.846338668471089761e+01 3.874336825035232579e+01 3.885142392023173841e+01 3.892034568581458842e+01 3.934982740508734622e+01 3.936291434253196542e+01 4.004324261785995276e+01 4.231708199909927970e+01 4.417506797959590870e+01 4.646492036723872587e+01
2.404891694084865605e+01 2.943309604311189176e+01 3.200561801579608101e+01 3.306415003019888132e+01 3.424646135585024354e+01 3.492992567809349680e+01 3.540800910310988314e+01 3.630294053052728742e+01 3.658681172884302413e+01 3.726540798502743712e+01 3.758040202545915065e+01 3.782026946098113740e+01 3.822390548247228992e+01 3.828050981750794790e+01 3.853963506559212249e+01 3.905542186861889320e+01 3.921515586585260849e+01 3.936115956749963374e+01 3.951686353916567640e+01 3.975293414264388758e+01 4.045884452190592384e+01 4.255502013065581934e+01 4.444661934807377435e+01 4.675515910099046835e+01
2.384630256016973249e+01 2.932159121503981680e+01 3.186956090718557633e+01 3.345636371359856298e+01 3.456940456155516728e+01 3.533280495661660581e+01 3.603662529753277255e+01 3.661623440620960679e+01 3.706148412472732190e+01 3.744165540840793227e+01 3.796927315081589427e+01 3.812433802264187932e+01 3.848830070738569020e+01 3.874010248356442787e+01 3.893173719220696682e+01 3.929338531182659011e+01 3.948901753597401409e+01 3.970337883903140153e+01 3.999524991013513642e+01 3.986951133871135511e+01 4.080545538370816416e+01 4.289266078022382089e+01 4.479677969376170665e+01 4.713297668286126196e+01
2.437171942587247031e+01 2.917083099062485729e+01 3.216309492475069476e+01 3.348869537101764848e+01 3.491934160164112200e+01 3.555102626526907272e+01 3.621336426844087697e+01 3.676775208069903300e+01 3.721837825737689087e+01 3.769947797206882711e+01 3.815872640810482608e+01 3.832781813504338686e+01 3.875316602727984616e+01 3.907643439072648306e+01 3.924289412091041385e+01 3.956445783793717652e+01 3.973831620607901272e+01 4.002163382939242808e+01 4.006893681874942814e+01 4.021441830565865416e+01 4.115787299641485220e+01 4.325731319438971667e+01 4.513578181204279360e+01 4.751175088805120339e+01
2.437448529265513031e+01 2.986356960117714721e+01 3.205747896450122880e+01 3.370226593149752858e+01 3.497749787635299867e+01 3.595734590999993685e+01 3.635279360133067428e+01 3.707338271485685510e+01 3.747932746262674186e+01 3.812201909329920824e+01 3.821203689970842987e+01 3.868336506977571787e+01 3.907138341790432889e+01 3.928258463597396144e+01 3.960764288911216369e+01 3.984557223725253294e+01 3.986448099089707853e+01 4.031569052638246120e+01 4.026355331705132556e+01 4.052609634733764921e+01 4.135373710870086938e+01 4.364837406323207603e+01 4.554181060866149977e+01 4.784040015825009817e+01
2.463402926777504476e+01 2.994465106860263504e+01 3.264133321916145292e+01 3.424994334431605836e+01 3.503635231390386906e+01 3.565066670261140303e+01 3.662712848059714332e+01 3.741194113310486102e+01 3.767384019999850153e+01 3.862959346032771180e+01 3.855008825990491772e+01 3.898816531494932747e+01 3.933994833334368479e+01 3.958220423243627550e+01 3.969000761961091683e+01 4.001759296153218060e+01 4.034034141792709249e+01 4.059088683295855304e+01 4.059758441091386771e+01 4.104861800291519103e+01 4.167923136419524610e+01 4.388243683622869185e+01 4.581156359480376494e+01 4.819627110466427666e+01
2.509249873755582172e+01 3.002915355728823954e+01 3.272827895770800666e+01 3.427595881288738866e+01 3.540470094455324812e+01 3.631562184843206609e+01 3.690287367274476793e+01 3.747689040718962161e+01 3.822702927840258980e+01 3.847989332254925188e+01 3.907353346651014192e+01 3.947215509786127541e+01 3.939107763012797392e+01 3.967347318054842020e+01 4.002221972052925025e+01 4.056507526917803830e+01 4.058110647523958647e+01 4.082146480540680500e+01 4.088445281137838094e+01 4.111930798679009769e+01 4.195365571711461428e+01 4.416956073975032382e+01 4.609590332354291320e+01 4.857005328776565989e+01
2.491376615016707063e+01 3.038492428958938874e+01 3.283000000253973383e+01 3.459665082233016165e+01 3.570376382258251624e+01 3.638471002072061822e+01 3.709130084887706147e+01 3.778814923120060598e+01 3.855838937687443035e+01 3.896141729406246412e+01 3.940301170686404930e+01 3.969353253226381639e+01 3.986346467479594935e+01 4.015627260562838785e+01 4.031009706239434820e+01 4.051869310953704684e+01 4.082812360517885963e+01 4.105376043085244220e+01 4.097195173453218331e+01 4.137002901849183445e+01 4.211680422706169935e+01 4.447287425313984244e+01 4.655316814072497777e+01 4.887309626681287966e+01
2.504914239916186958e+01 3.089095952707823045e+01 3.331142923812426915e+01 3.475909941128764302e+01 3.563867464164528087e+01 3.655225261837716744e+01 3.738891126492089967e+01 3.796388588771190342e+01 3.852018840270442013e+01 3.911897687951905311e+01 3.947901455778950464e+01 3.977632148500017450e+01 4.023973879465462034e+01 4.033657043026222055e+01 4.054183684319323788e+01 4.071284189432667233e+01 4.098655531379057493e+01 4.113065361051472024e+01 4.129502516294093795e+01 4.178219673845693904e+01 4.251636590123212756e+01 4.477813696273674537e+01 4.685903990977808320e+01 4.933250661423808481e+01
2.473221435395332790e+01 3.076845779121146762e+01 3.317449233537050191e+01 3.484613298572301687e+01 3.602369412807884430e+01 3.681736835229197169e+01 3.801026422788683590e+01 3.834443472623469518e+01 3.871586546612376623e+01 3.919368631195388986e+01 3.951427134046553391e+01 3.994003824622348020e+01 4.032582911637167200e+01 4.053174128886461602e+01 4.083452880058428036e+01 4.122027091421572464e+01 4.129540770897063595e+01 4.147918909134654086e+01 4.188171536955986340e+01 4.202548857466422305e+01 4.281561538794654354e+01 4.521258306871943233e+01 4.716841478522470510e+01 4.955833376818096525e+01
2.526805932329103044e+01 3.136930447173631364e+01 3.367309353081797951e+01 3.514494681494134909e+01 3.636590140388091896e+01 3.742452903991047464e+01 3.782792828684147679e+01 3.863108255773337874e+01 3.898001333335613339e+01 3.962110594505629990e+01 3.998386276858875732e+01 4.019978842900464144e+01 4.063826181434462370e+01 4.094903664789929110e+01 4.122468036921561207e+01 4.152910138680960728e+01 4.172380783203615806e+01 4.165610530893662400e+01 4.213154661832967918e+01 4.221647902508047423e+01 4.312664288738569951e+01 4.557566778948369546e+01 4.741367436599382046e+01 4.997627368494939049e+01
2.518910811536586536e+01 3.133525635288745903e+01 3.386142258412604633e+01 3.539114874993331483e+01 3.656566424786821301e+01 3.745166002008232908e+01 3.822120635556327528e+01 3.867902292463121228e+01 3.943972590565825698e+01 3.987154991132814530e+01 4.034681460058339297e+01 4.051745606387752474e+01 4.087539692830043947e+01 4.125980547417258748e+01 4.141426999848896884e+01 4.153273664892340378e+01 4.199408309545732010e+01 4.207292869776374289e+01 4.234997183416275135e+01 4.255653232750208304e+01 4.322875639537802073e+01 4.572865924369751411e+01 4.779173040641772729e+01 5.026443845521343690e+01
2.571110005897182305e+01 3.137734092929349572e+01 3.393390681774142337e+01 3.545358055070290249e+01 3.681426253968706419e+01 3.794782905528214201e+01 3.836566621356319473e+01 3.881271811536938543e+01 3.936555652595144750e+01 3.985623282667219058e+01 4.027384489366696130e+01 4.079931804652915872e+01 4.122111745449432618e+01 4.135828039347188678e+01 4.160311062981230634e+01 4.190918111270750757e+01 4.211294229560882485e+01 4.232500298981173614e+01 4.264498652201324802e+01 4.265998352165800611e+01 4.370136279094874254e+01 4.606666097791146086e+01 4.816609615398664346e+01 5.063433375733961839e+01
2.578704624275447799e+01 3.155020530645851906e+01 3.446808375172475536e+01 3.588006445315759407e+01 3.684271102964941491e+01 3.795805896146583081e+01 3.872063486230020146e+01 3.901271059764538052e+01 3.994179494979116640e+01 4.049549725419275603e+01 4.077687590594199918e+01 4.094950106425378067e+01 4.134222161952101260e+01 4.162763494285177046e+01 4.188695844009690461e+01 4.234380382644495455e+01 4.232126943794952467e+01 4.290278966398819449e+01 4.284390700000378160e+01 4.317111677896731692e+01 4.389545792810044844e+01 4.634491098356556904e+01 4.850025260710491182e+01 5.102302692655538863e+01
2.567543953628176823e+01 3.126916398659521690e+01 3.426105899658621468e+01 3.597102550038157176e+01 3.751706021209562891e+01 3.811289634874866294e+01 3.873021861729674242e+01 3.966898317585477685e+01 4.019884713371607177e+01 4.043019561454474342e+01 4.096506274052860874e+01 4.129033135290394796e+01 4.154845828875749447e+01 4.202075449973155941e+01 4.231885429737817361e+01 4.259885168198297833e+01 4.251716602550541069e+01 4.294253395148840013e+01 4.308764877191352127e+01 4.337442562897886944e+01 4.418975621894593075e+01 4.660437351353269264e+01 4.871588636036124598e+01 5.136703637952118129e+01
2.617181360394168621e+01 3.198310019920448610e+01 3.424746920661479521e+01 3.603778936773476715e+01 3.715060770267423607e+01 3.832947429775249759e+01 3.917537056952386365e+01 3.971448212628008179e+01 3.999982125421769297e+01 4.102053961748262623e+01 4.115806154794154281e+01 4.173160194835914893e+01 4.181814196051176680e+01 4.249669116670202129e+01 4.251552470640227455e+01 4.289929465274531850e+01 4.298111259583220800e+01 4.329756230602836098e+01 4.339212549394233065e+01 4.369009513494658847e+01 4.467877461842446962e+01 4.678453784603070886e+01 4.916004042078319713e+01 5.160797661048578533e+01
