1.000000000000000000e+00 1.000000000000000000e+00 1.000000000000000000e+00 1.000000000000000000e+00 1.000000000000000000e+00 1.000000000000000000e+00 1.000000000000000000e+00 1.000000000000000000e+00 1.000000000000000000e+00 1.000000000000000000e+00 1.000000000000000000e+00 1.000000000000000000e+00 1.000000000000000000e+00 1.000000000000000000e+00 1.000000000000000000e+00 1.000000000000000000e+00 1.000000000000000000e+00 1.000000000000000000e+00 1.000000000000000000e+00 1.000000000000000000e+00 1.000000000000000000e+00 1.000000000000000000e+00 1.000000000000000000e+00 1.000000000000000000e+00
2.473081200802089707e+00 2.117360067206654595e+00 2.001551609898379880e+00 1.947146719775681767e+00 1.913066096867745758e+00 1.894753799407066008e+00 1.878266048503517638e+00 1.859048550766262409e+00 1.844400113970795951e+00 1.845986223374764590e+00 1.833724833248623787e+00 1.828364237025070338e+00 1.823448545732143433e+00 1.817543971548125858e+00 1.811509032749903270e+00 1.814466787338538944e+00 1.815608806039512801e+00 1.805938368991767851e+00 1.803858018940608154e+00 1.801915766736270186e+00 1.795114773209761871e+00 1.770830491097445947e+00 1.758728732052776245e+00 1.747057683316506349e+00
4.069238752751101806e+00 3.505900345148850406e+00 3.325209494415799050e+00 3.232623973641787885e+00 3.181348715016525830e+00 3.129258604189479875e+00 3.098206711298661098e+00 3.064807199207068678e+00 3.055117402564209605e+00 3.027330408925673844e+00 3.015507673343819306e+00 3.006651547611292052e+00 3.008309043696743235e+00 2.995927228009946930e+00 2.986251709249405639e+00 2.981425672785113612e+00 2.964675266137441145e+00 2.965765892046103858e+00 2.961759471486069994e+00 2.962098806850379074e+00 2.938214496795477082e+00 2.896367624353579195e+00 2.869327920178766256e+00 2.846374665856510333e+00
5.838609723529534890e+00 5.032786024661536572e+00 4.733631643344867079e+00 4.556771967196181272e+00 4.501965297580897030e+00 4.421219129974366169e+00 4.369291535927741776e+00 4.325145369371092841e+00 4.295890190075743575e+00 4.271304793162952862e+00 4.237640103686985960e+00 4.238838151640558216e+00 4.202763954111542688e+00 4.190837684066107904e+00 4.194015502213887636e+00 4.178517395526750278e+00 4.163458185435250591e+00 4.158520932034707407e+00 4.135649416574659121e+00 4.142113700274733468e+00 4.089125545381190996e+00 4.015723304906774871e+00 3.957073925748046950e+00 3.907722646789296039e+00
7.725063231993708257e+00 6.731389353312862589e+00 6.289242418075416730e+00 6.114095594222038521e+00 5.972766946452920500e+00 5.889976697898500646e+00 5.811258860056844000e+00 5.749353070025392753e+00 5.713477960878866391e+00 5.655914387275484678e+00 5.622546326602292588e+00 5.575577205759024046e+00 5.564077507837618342e+00 5.533609216473746706e+00 5.509930172628324740e+00 5.490764623136186628e+00 5.467552073967698156e+00 5.473565830017946610e+00 5.448621252934405135e+00 5.426992422732194399e+00 5.377378505760892935e+00 5.233701552084725428e+00 5.135203681586382629e+00 5.047304631383178197e+00
9.850851693916897744e+00 8.562206201217366086e+00 8.098635307357536561e+00 7.811775372254235350e+00 7.615750141000835249e+00 7.470865960153084906e+00 7.365239661079557187e+00 7.231182619331142369e+00 7.215196229781615678e+00 7.164678468401430855e+00 7.072158765521237456e+00 7.053817380654120228e+00 6.981176733634685050e+00 6.981459773838512461e+00 6.962137676648917584e+00 6.900755646046682124e+00 6.892887855071694325e+00 6.879228381750039922e+00 6.836649560335525067e+00 6.827029357372041751e+00 6.759029900770549659e+00 6.555801886717810056e+00 6.401018303105042939e+00 6.258765476067187805e+00
1.185726967297357604e+01 1.055414456345588015e+01 9.875161136913197524e+00 9.544651166968222356e+00 9.299073355839146515e+00 9.097383678706574273e+00 9.047228189174155943e+00 8.900289162179785052e+00 8.798559634120788786e+00 8.709002236655601692e+00 8.668876920266596287e+00 8.597216791770474487e+00 8.570964708670343768e+00 8.509854821350270271e+00 8.483168891771278197e+00 8.445273775992337306e+00 8.378230426151482391e+00 8.393681923690337499e+00 8.365884154393215866e+00 8.317990216228990263e+00 8.210443925921403263e+00 7.932386829021116803e+00 7.738648373258574686e+00 7.536551567152933728e+00
1.443190758104789850e+01 1.242002155299953259e+01 1.175738145809380519e+01 1.134761813065569847e+01 1.103125940270005678e+01 1.088913637493899422e+01 1.070605045792508037e+01 1.059720850297931349e+01 1.048897206916660707e+01 1.040235490894966475e+01 1.028722333167027969e+01 1.022388228603829319e+01 1.018636432766659894e+01 1.011765939647071022e+01 1.007124607024470109e+01 1.006080332484354045e+01 1.000836952127580481e+01 9.983256515185995994e+00 9.939150860904003792e+00 9.930578127193694371e+00 9.754879770507972836e+00 9.430756105653612664e+00 9.146485947906265679e+00 8.876299461408827085e+00
1.614458596697162562e+01 1.449010962316869389e+01 1.366294258594442645e+01 1.331443516046130959e+01 1.289019365849380705e+01 1.269235830385074593e+01 1.249971467891451837e+01 1.236234019057603994e+01 1.229284998582160426e+01 1.218389358106219866e+01 1.203387109700666358e+01 1.191770911869982008e+01 1.185550003514638107e+01 1.179465171256735623e+01 1.174218711349101341e+01 1.171970605773831942e+01 1.166042538634431658e+01 1.160027733728592736e+01 1.155831715346385913e+01 1.155637180222124982e+01 1.137451662709055000e+01 1.096874030902613839e+01 1.061542904862491987e+01 1.027000509230185976e+01
1.877038337157248193e+01 1.648353552081086093e+01 1.579064696210827101e+01 1.525816324193623430e+01 1.475853053122225944e+01 1.464713473232245633e+01 1.443956088645342106e+01 1.413212440474074860e+01 1.405331810886689325e+01 1.385418249422824566e+01 1.377594819786240876e+01 1.371545808700174263e+01 1.369384838606160848e+01 1.358820480710002165e+01 1.353252306614117906e+01 1.340896607154050635e+01 1.341004901695415441e+01 1.330125516057809598e+01 1.329151224467398329e+01 1.324469516656438373e+01 1.305579322457830571e+01 1.253044072332139436e+01 1.214849700700711033e+01 1.172914312381725210e+01
2.061765833450137464e+01 1.869005757358516462e+01 1.769274248048375142e+01 1.718950999148315617e+01 1.688384837751952361e+01 1.651749780217149421e+01 1.621459723286391963e+01 1.609755390844163969e+01 1.587455997450566691e+01 1.574755539810106875e+01 1.564525142712411032e+01 1.548781857812852358e+01 1.546985754189416262e+01 1.542545185877921909e+01 1.530666920056522251e+01 1.523605427906451126e+01 1.523433180260943942e+01 1.510727544882264084e+01 1.504611534868001854e+01 1.498752621705593135e+01 1.475955141942978166e+01 1.418914581341197234e+01 1.370860769902516907e+01 1.324585203047885962e+01
2.305827291929274026e+01 2.102570709271761729e+01 1.986667472719294381e+01 1.920173478869011774e+01 1.875597083718131586e+01 1.850449029048265359e+01 1.815431227411076520e+01 1.795763084633731665e+01 1.786588641827917456e+01 1.762988292713976435e+01 1.744586471850542253e+01 1.744254801485015705e+01 1.733448669983740942e+01 1.718280959587208301e+01 1.715249004936547550e+01 1.703596599620533780e+01 1.699881351737965218e+01 1.690155552709752484e+01 1.679274357564604614e+01 1.675534520888484025e+01 1.655513097285445312e+01 1.588385075775015665e+01 1.535808483728851392e+01 1.480783960988169135e+01
2.586480539627097031e+01 2.305380601619716785e+01 2.210566566527875665e+01 2.132358270338358608e+01 2.091841164429695610e+01 2.058438994306821357e+01 2.025356864548949076e+01 1.998703924553752742e+01 1.979293169896133975e+01 1.964942798294881854e+01 1.950292999578729081e+01 1.939348260970185223e+01 1.925558725361550927e+01 1.916888457594661332e+01 1.904465664087879517e+01 1.896556245945821928e+01 1.885819166777730160e+01 1.878539905861236292e+01 1.868299275775183688e+01 1.863064715159100260e+01 1.838702694162681439e+01 1.764596611006189875e+01 1.703752770749289169e+01 1.638940269870382593e+01
2.825843603736838006e+01 2.573132231804574488e+01 2.400522459139477505e+01 2.354784074462872923e+01 2.286270031103740052e+01 2.259529692968802905e+01 2.212365742497522092e+01 2.201311581327515299e+01 2.183930986238346250e+01 2.163555304125613077e+01 2.143063688899676933e+01 2.128682590621889759e+01 2.117044360588269569e+01 2.108204843422535291e+01 2.100210042745955974e+01 2.085722405115245337e+01 2.077631123234595023e+01 2.060065921689591661e+01 2.058806069471622635e+01 2.049063930876341644e+01 2.024975989655830233e+01 1.942426334792162024e+01 1.877328800777195639e+01 1.803466095062009344e+01
3.023890901194362968e+01 2.787435687974469900e+01 2.628689098097418153e+01 2.560884411090111001e+01 2.510443404246858634e+01 2.473879813134026406e+01 2.422693320691142205e+01 2.401534294018836491e+01 2.382489713899827777e+01 2.352452619914420495e+01 2.344757952551017155e+01 2.334133698181338801e+01 2.309855793810910285e+01 2.294846649165005203e+01 2.288899040561783593e+01 2.273565848353920416e+01 2.273446052477768831e+01 2.259710987488872291e+01 2.251004348742144501e+01 2.247009687545812184e+01 2.214217355838856349e+01 2.127299320787675185e+01 2.050676572170628731e+01 1.971824720748083237e+01
3.271880628489881815e+01 3.003469074784084114e+01 2.871294161435727332e+01 2.773124442533883283e+01 2.710724384610940874e+01 2.680633756338969320e+01 2.652769859829489008e+01 2.618072887885609745e+01 2.592402688490195573e+01 2.561136339774059323e+01 2.546896732615854120e+01 2.533121282280604092e+01 2.515869262624233116e+01 2.505902670624449868e+01 2.495417469678960032e+01 2.482309449492380793e+01 2.465159862054768070e+01 2.466364902360042777e+01 2.445553090175757305e+01 2.442433622116204006e+01 2.407156173023800960e+01 2.312161403679221294e+01 2.228255353505885950e+01 2.144197901578089471e+01
3.518394448209841130e+01 3.233168530360034509e+01 3.104588890341289797e+01 2.998733970372319035e+01 2.943561701004415099e+01 2.891043237440301539e+01 2.850646496018005394e+01 2.827396395635032889e+01 2.793303019062808445e+01 2.778290746320949012e+01 2.747002746688443509e+01 2.740598814470126854e+01 2.724606927882008733e+01 2.701608487464175212e+01 2.690586360208073202e+01 2.685663240053125378e+01 2.669112158165149751e+01 2.660539753730445156e+01 2.649985041268811514e+01 2.634248190980981263e+01 2.602282612440486886e+01 2.497032568149340648e+01 2.413041148103902600e+01 2.318224003702810521e+01
3.758424924707937720e+01 3.464002604227101756e+01 3.307625174267160872e+01 3.201620954385151663e+01 3.167014599900539906e+01 3.123646411255274558e+01 3.063234440310871776e+01 3.036241146119696310e+01 2.994280217855380499e+01 2.979615008887065031e+01 2.964370903845909311e+01 2.939445023385990297e+01 2.924158064470956120e+01 2.914427608060048769e+01 2.890112934521314969e+01 2.881386136687251565e+01 2.876548466522001135e+01 2.861631400809650216e+01 2.849866918791123638e+01 2.836439505865073585e+01 2.804777229019182982e+01 2.695939997798548049e+01 2.597124843363833335e+01 2.495305851880898018e+01
3.983357551932623863e+01 3.688563636252865052e+01 3.573814991873641844e+01 3.451016647466553877e+01 3.384943575627002588e+01 3.347167727191907716e+01 3.274956757593714229e+01 3.253543918948573577e+01 3.202327742445992698e+01 3.199957146279341913e+01 3.181721314491228014e+01 3.154908234596841865e+01 3.130956251951733194e+01 3.123286280396198933e+01 3.108363671346580404e+01 3.094752291506365793e+01 3.080518275891819968e+01 3.070598292234575766e+01 3.062387302224202301e+01 3.039641226583426459e+01 3.005376592116163081e+01 2.890998243142062307e+01 2.784521474707000976e+01 2.675131653606980819e+01
4.272097093210003749e+01 3.925713704227792533e+01 3.788461041385792072e+01 3.690940844612242699e+01 3.611572445472907589e+01 3.549677316741323096e+01 3.507360469208141041e+01 3.457615770054277959e+01 3.438477557533046536e+01 3.419414901298623022e+01 3.381974149104956240e+01 3.375549136129334471e+01 3.336930153895801965e+01 3.329680495319082922e+01 3.315243810745992192e+01 3.302158892996718720e+01 3.287219218427139822e+01 3.273500289129620455e+01 3.272599955458399279e+01 3.259178012521269352e+01 3.205961771575479702e+01 3.085055872584080916e+01 2.975284808950177506e+01 2.858434420717359359e+01
4.518450775070365921e+01 4.145489754819418238e+01 4.025043508736631281e+01 3.927391434397206638e+01 3.853017112739536287e+01 3.771602029138018253e+01 3.712998559830963785e+01 3.682681409023999208e+01 3.660352995541826004e+01 3.622851187829817832e+01 3.611973627201467707e+01 3.585056496830035400e+01 3.579222775444719673e+01 3.543098160118267259e+01 3.539851122330340161e+01 3.521510492576542362e+01 3.501731082572636922e+01 3.490301042002023735e+01 3.474164720670719220e+01 3.452086049106241461e+01 3.410086186342169867e+01 3.276639552814644674e+01 3.168149834591335079e+01 3.045725847818637533e+01
4.800837432236582458e+01 4.429997731959075224e+01 4.239774525008990480e+01 4.144798782156522066e+01 4.065895671145089807e+01 4.006071207007076396e+01 3.955226561795152662e+01 3.917400551205781056e+01 3.873290944784336176e+01 3.838691284787164903e+01 3.832359630954453422e+01 3.792465971735317254e+01 3.783391893532279227e+01 3.761568956141670128e+01 3.736423955539392949e+01 3.733673519024595322e+01 3.709504087686277529e+01 3.694880433674009623e+01 3.688858639116835292e+01 3.679739211065498949e+01 3.622337449615336880e+01 3.487314380163049066e+01 3.366516026271192175e+01 3.233503064495737789e+01
5.030612642099179510e+01 4.665358727377096670e+01 4.457042287731393770e+01 4.346107077356744242e+01 4.282983206950702737e+01 4.253586812568509856e+01 4.179591968193457774e+01 4.153494676278165798e+01 4.104583714868094546e+01 4.064982013366364555e+01 4.037709098283840348e+01 4.020837349057237020e+01 4.003229552337560904e+01 3.967552138367158676e+01 3.960333574763153308e+01 3.941799509799299273e+01 3.925806051164227739e+01 3.909451900336627972e+01 3.901439889427641106e+01 3.892199666269174685e+01 3.840052195787263400e+01 3.692574117112286558e+01 3.570082139131135790e+01 3.428878685263850201e+01
5.236173941163993817e+01 4.909145028453329473e+01 4.698143765490745238e+01 4.608869801221119644e+01 4.535646157922352018e+01 4.461017225570197553e+01 4.434199254840402915e+01 4.346968078873823060e+01 4.299656406067336434e+01 4.301727563200821436e+01 4.258034676819888631e+01 4.234528943045560823e+01 4.227083013670497991e+01 4.204290790235651798e+01 4.171943047943121030e+01 4.168438464931912790e+01 4.133074749247466428e+01 4.131177961281677113e+01 4.114602615897526761e+01 4.100006460506158135e+01 4.054830579520016443e+01 3.893297500498021435e+01 3.765911197153084800e+01 3.620169376072227152e+01
5.451373516655456086e+01 5.181596438243470715e+01 4.952109054740376592e+01 4.879566791487039268e+01 4.780683887022080825e+01 4.695051599700200029e+01 4.634949008450517027e+01 4.600940560752652431e+01 4.554379643661552990e+01 4.517189773442357392e+01 4.501665187570019810e+01 4.454644195306937604e+01 4.417494307794562758e+01 4.407754869268723041e+01 4.403703025919337222e+01 4.375707231068970060e+01 4.358314327573637570e+01 4.342177191529725633e+01 4.344796037077687600e+01 4.314431953896836802e+01 4.254076734982228913e+01 4.108356165807990124e+01 3.967628818416934422e+01 3.809163546981016424e+01
5.748951619660473966e+01 5.440009593806346544e+01 5.233774835960586813e+01 5.093227125454419024e+01 4.997490402790851505e+01 4.924322261727892425e+01 4.865586174959275922e+01 4.823102580360276903e+01 4.781958167716015851e+01 4.740536747013381813e+01 4.730692392407672742e+01 4.681222869956578592e+01 4.655006048740058588e+01 4.637867248653049757e+01 4.613423338116967898e+01 4.598092134906230655e+01 4.584682747984968643e+01 4.574050048975037441e+01 4.553050079205146972e+01 4.533442400763194513e+01 4.491389904320138271e+01 4.318377456756418553e+01 4.169019448034468667e+01 4.007928723034802942e+01
5.961727324353375224e+01 5.686631988939095805e+01 5.426239181429163949e+01 5.336952131708635250e+01 5.229168162924396768e+01 5.153474345104912402e+01 5.103976936543131870e+01 5.053936488510693437e+01 5.020532264543933820e+01 4.980415607358654029e+01 4.935728850927093703e+01 4.926952916355691769e+01 4.901993473384194999e+01 4.871514165467992541e+01 4.861915569205717702e+01 4.812036897175026695e+01 4.805379664327426070e+01 4.780284104873076245e+01 4.773315692347959782e+01 4.753799027291595536e+01 4.690429907495230566e+01 4.528745358647231001e+01 4.374721325520901871e+01 4.206103481933308785e+01
6.419591011928692126e+01 5.905883121762683885e+01 5.683929025228417942e+01 5.573092379836582211e+01 5.504252695793888961e+01 5.348778360276864419e+01 5.328775542883357019e+01 5.312203684556737215e+01 5.231246628926542286e+01 5.195648099306502132e+01 5.153670099060698817e+01 5.134397346476056612e+01 5.113590704459205938e+01 5.091123471731734185e+01 5.073145212932678305e+01 5.046115819765620358e+01 5.023412138817428030e+01 5.035433440369611446e+01 4.995430501497112630e+01 4.988319537104757018e+01 4.913070944456752898e+01 4.734540524235578118e+01 4.581758698761270665e+01 4.409971908632581261e+01
6.505074076659774107e+01 6.141572486780162166e+01 5.905940547734395096e+01 5.806091838587870058e+01 5.713990045508671756e+01 5.671317602468450758e+01 5.564806705152281552e+01 5.525120908986303192e+01 5.463964368897764956e+01 5.447402946443772720e+01 5.400614989896293849e+01 5.367486190880267571e+01 5.344884221631630083e+01 5.341806548090998064e+01 5.285338796298724162e+01 5.268356645144035610e+01 5.263888625442698554e+01 5.234710822568902699e+01 5.215480577482040303e+01 5.210156821783567693e+01 5.137140238105190093e+01 4.960417159168334678e+01 4.794089868688359246e+01 4.606819242175060225e+01
6.710262094342243699e+01 6.362471892430477993e+01 6.260698489847069226e+01 6.036771556872891153e+01 5.891873987066069418e+01 5.877145288891233577e+01 5.797603366306341144e+01 5.765405139148990088e+01 5.703312047851253652e+01 5.691703237369253543e+01 5.651075968378930270e+01 5.607886513995640598e+01 5.572613117993775944e+01 5.534479312890958624e+01 5.514637662821948538e+01 5.518242533517446446e+01 5.498426124735864562e+01 5.460857980701572956e+01 5.459499097293938519e+01 5.433758765263117141e+01 5.364621389694343634e+01 5.173398719209622953e+01 5.003468941725726182e+01 4.814511736714364076e+01
7.151245588442361623e+01 6.700084943087897216e+01 6.439508406373762739e+01 6.302816343910178887e+01 6.189353378605385814e+01 6.119608300790167732e+01 6.068566370390649922e+01 5.966450446288559561e+01 5.973622523110471150e+01 5.896471629345760590e+01 5.848329659459306384e+01 5.829600875875920707e+01 5.806702014163290926e+01 5.782130853606852128e+01 5.743759184941627893e+01 5.741658784971781415e+01 5.713293308850899166e+01 5.692688691741690832e+01 5.674623324344218389e+01 5.654054833180986606e+01 5.587752168798696317e+01 5.378502799680445889e+01 5.212973810162365140e+01 5.017832487616143311e+01
7.266647025718113184e+01 6.889291327603842774e+01 6.672650376851629517e+01 6.477273791935192548e+01 6.403701355752642144e+01 6.328888070898690899e+01 6.272589928520429226e+01 6.230918210183173755e+01 6.170855140517559789e+01 6.123535085395493383e+01 6.083047757498805197e+01 6.049413065648052168e+01 6.033128921795381672e+01 6.018378919614237077e+01 5.961919089680255723e+01 5.976345880276073075e+01 5.943342506249449997e+01 5.931944149950285805e+01 5.898145246872022796e+01 5.878758241583090438e+01 5.823178257246429723e+01 5.605807611986202232e+01 5.427005979533014113e+01 5.228031743714976187e+01
7.545187055675047816e+01 7.101011848029737905e+01 6.936958958441056211e+01 6.780976481155826718e+01 6.669429469079398132e+01 6.591597604191051119e+01 6.545071364606421582e+01 6.464798898917113945e+01 6.418147003041248411e+01 6.382018893864326259e+01 6.337158846884766916e+01 6.303172229329951648e+01 6.266421452944219794e+01 6.264426021926113464e+01 6.212068405347149280e+01 6.193889448014299148e+01 6.148890485270337081e+01 6.156021643462870685e+01 6.134888770214260489e+01 6.121822573935203593e+01 6.049775412810455322e+01 5.828988086101415433e+01 5.643465629104058223e+01 5.434049948941586905e+01
7.983700877351104452e+01 7.315153044856383246e+01 7.180072332687733194e+01 7.014497259418556041e+01 6.909288885011213210e+01 6.834445858149780406e+01 6.750212846517403875e+01 6.720359539078046396e+01 6.661729033422479063e+01 6.618068737541926794e+01 6.551536622960784939e+01 6.557854000420677210e+01 6.491765697701981708e+01 6.499146113224922772e+01 6.427040459920563364e+01 6.429962817262291708e+01 6.395853156791729788e+01 6.376746936333580607e+01 6.354641332346209026e+01 6.340690450553242385e+01 6.272634778956619073e+01 6.045735348835809475e+01 5.858389479865413563e+01 5.644198406954080127e+01
8.101257929233875643e+01 7.732691320784914524e+01 7.331662612175450988e+01 7.264871313695800836e+01 7.174428328692941648e+01 7.058549033088485203e+01 6.980442486500695054e+01 6.943249491060457501e+01 6.900435996951091511e+01 6.848824796273434856e+01 6.783570187156924192e+01 6.791264706103908111e+01 6.761110806721863753e+01 6.716257359662830595e+01 6.674811616061782615e+01 6.653226036664970877e+01 6.648664389347213444e+01 6.602488456934027283e+01 6.601071356240059629e+01 6.580910396054642320e+01 6.492358102844603707e+01 6.273113012426270529e+01 6.077051534225719820e+01 5.848970292784841263e+01
8.304180451448090139e+01 7.882597025943910296e+01 7.732819074296151030e+01 7.510570705560712668e+01 7.426610086868831218e+01 7.321911168465113917e+01 7.226643144576664213e+01 7.166194365333574012e+01 7.159742361750527095e+01 7.092172567501563663e+01 7.036047436813538525e+01 6.990212644170073020e+01 6.995469338841029128e+01 6.955850823011726902e+01 6.921903586736772240e+01 6.867715445842527799e+01 6.879082493873923454e+01 6.838465039221615882e+01 6.826946024149091841e+01 6.801012409689245430e+01 6.725357759880304798e+01 6.512731331182293104e+01 6.298244176493663815e+01 6.065638805183905902e+01
8.602323255868806484e+01 8.218532544892308067e+01 7.902431783515527286e+01 7.709535664520129217e+01 7.709525086677206218e+01 7.598355582073176606e+01 7.495360996951963273e+01 7.428853672520885709e+01 7.377677452606832276e+01 7.343128763247590030e+01 7.293611762929316455e+01 7.250132405290386828e+01 7.223312654804298916e+01 7.186982875015783634e+01 7.150470954367507659e+01 7.119543755796615869e+01 7.106542654570789352e+01 7.072806003157717214e+01 7.049674657363121355e+01 7.028153658954259697e+01 6.968024755975028484e+01 6.717390007152734199e+01 6.520177918758719215e+01 6.281555305334593697e+01
8.849717604256204595e+01 8.431177781181318664e+01 8.148469705523626772e+01 7.994633435472971428e+01 7.904367835370040041e+01 7.787295821157175624e+01 7.682480580719334284e+01 7.648225004569295038e+01 7.582088801014815260e+01 7.570183828318913299e+01 7.533343092779252004e+01 7.487123736047038847e+01 7.461737975556896174e+01 7.416272884822802780e+01 7.381697140054774309e+01 7.357348776053979122e+01 7.347384630297618457e+01 7.298307731702098522e+01 7.294278017617961041e+01 7.259799545710477275e+01 7.182846537726369718e+01 6.947820997567572476e+01 6.741195301298276377e+01 6.491523610457552707e+01
8.904951768543351420e+01 8.747742626386592235e+01 8.472107015732466095e+01 8.273588984450147166e+01 8.209778758741202864e+01 8.053053546983416311e+01 8.006135590468913676e+01 7.872069968319127042e+01 7.848451932467047243e+01 7.807150526252618761e+01 7.754174407982095829e+01 7.714175419650494803e+01 7.681679405591586374e+01 7.644964910883031450e+01 7.599861727026768676e+01 7.586900456465599518e+01 7.568112717325897165e+01 7.553516708830207449e+01 7.512366965220776649e+01 7.529184786418650788e+01 7.424196484439258370e+01 7.173744303977542813e+01 6.953964372497225099e+01 6.711305359535698756e+01
9.354170288763903329e+01 8.955598003621331316e+01 8.772774370382506959e+01 8.537843477090133604e+01 8.399055535966101615e+01 8.231130399091540539e+01 8.221846856001965875e+01 8.191843691936301752e+01 8.112754649532112694e+01 8.045969564306302857e+01 7.990832162052413423e+01 7.967557936228259052e+01 7.910585843551304208e+01 7.903016388655412072e+01 7.882261701096101092e+01 7.827231571921097952e+01 7.801163970530910774e+01 7.784197428262729090e+01 7.757745796252446269e+01 7.735965441789640806e+01 7.665306584956601910e+01 7.396693364191244768e+01 7.183032290370894657e+01 6.923481389184090062e+01
9.580896297890134861e+01 9.248428484039636999e+01 8.916092461748232267e+01 8.763654481486985048e+01 8.683248803269556504e+01 8.526114170830187788e+01 8.505483853652272330e+01 8.374392976310305414e+01 8.372047398813920438e+01 8.298142076157131442e+01 8.226493597596113716e+01 8.192635502734343333e+01 8.152507089145662178e+01 8.107633406103126106e+01 8.108907083867852350e+01 8.093903192944183900e+01 8.041284387152943225e+01 8.056125847651391325e+01 7.998091758500065396e+01 7.994638041787865745e+01 7.878237778128981006e+01 7.640053821004228496e+01 7.399289659655724449e+01 7.146487714492289456e+01
9.729227185643230769e+01 9.451090271179096192e+01 9.199887654575417173e+01 8.965821602405080171e+01 8.877681117469018091e+01 8.791551079289094162e+01 8.703529907941951649e+01 8.648775791055466300e+01 8.568507313669461212e+01 8.530470567170041818e+01 8.483636186547786906e+01 8.437004019232003316e+01 8.405156333976975702e+01 8.374770679203261636e+01 8.362786164652632692e+01 8.334053295508347503e+01 8.285920441357720279e+01 8.251155621498219261e+01 8.248230222650362009e+01 8.246076194244504620e+01 8.139491544941616041e+01 7.863977915813876507e+01 7.630123469649478807e+01 7.363548453243376457e+01
1.026032184142843988e+02 9.714392490901782651e+01 9.408365647546031596e+01 9.250036068372070019e+01 9.145674153414353214e+01 9.025266465751079181e+01 8.950013689002575745e+01 8.880646219619217163e+01 8.852699221359482351e+01 8.792572592073670990e+01 8.730405243488625899e+01 8.681590515120068119e+01 8.642349137054857522e+01 8.632466963753772404e+01 8.587811257873991622e+01 8.552860410819781123e+01 8.534983432642175671e+01 8.506137653981180335e+01 8.476610349324326421e+01 8.456937835261163627e+01 8.384190420013035805e+01 8.098015367510585349e+01 7.857089600633693749e+01 7.587177096872592585e+01
1.042890295459493615e+02 9.899461936733061407e+01 9.730285406862361697e+01 9.546774998277624036e+01 9.357494070362899663e+01 9.365765825222051433e+01 9.205447395571076186e+01 9.061889077774938528e+01 9.093488298546934345e+01 9.035276854073353547e+01 8.971257480336366541e+01 8.927928460592509907e+01 8.867690055865506338e+01 8.824309083470983239e+01 8.832199135409040025e+01 8.795362132333455918e+01 8.780383064401102899e+01 8.732570253999296028e+01 8.735428067034627020e+01 8.711378947222772240e+01 8.623109711833902224e+01 8.321213048532166567e+01 8.082115162521078844e+01 7.808717571506564070e+01
1.076605187133163923e+02 1.019258119078142073e+02 1.001985128857846234e+02 9.780887633632590905e+01 9.637674253130030877e+01 9.544612819201320519e+01 9.468036562408414625e+01 9.388877698604481736e+01 9.245068010213310572e+01 9.287847918037394379e+01 9.205631077201580581e+01 9.151618826602440038e+01 9.155397760833966458e+01 9.096833749450863138e+01 9.054339619979853637e+01 9.035130074248557719e+01 9.020082172006021892e+01 8.959575780296000858e+01 8.980224865771864984e+01 8.928227151152115937e+01 8.837837718106513307e+01 8.565169961707968582e+01 8.313162861863864350e+01 8.025605924471588537e+01
1.084863574319736870e+02 1.054069723628387294e+02 1.018513707232289534e+02 1.003393924779257702e+02 9.896223832135935083e+01 9.767164317646729899e+01 9.694750698811644440e+01 9.655617609341906871e+01 9.603026452743910113e+01 9.505224221741815427e+01 9.501052799505930579e+01 9.425266623380990438e+01 9.393368828953470029e+01 9.329541198314849737e+01 9.304510377751395822e+01 9.258674697012109789e+01 9.254317610766256053e+01 9.256742041809208388e+01 9.204027789446931251e+01 9.185912170157389767e+01 9.086822809136806711e+01 8.801158979698564622e+01 8.542288559107269919e+01 8.245084165760894734e+01
1.105493372611685885e+02 1.071155403882301869e+02 1.044690753224995063e+02 1.025706150432401387e+02 1.017207253903555966e+02 1.001913886444247339e+02 9.957875248791384593e+01 9.884013035650514212e+01 9.769956746166619155e+01 9.745797759030540419e+01 9.700944871260658431e+01 9.625267252625977221e+01 9.615492706020418723e+01 9.565666616276331524e+01 9.552745520880866081e+01 9.541792525837655603e+01 9.505120389396381597e+01 9.437572184286655386e+01 9.446737495347342417e+01 9.437963693758260320e+01 9.298698018431207402e+01 9.028892692860443958e+01 8.765888582531052009e+01 8.465608123517594663e+01
1.136692528834925326e+02 1.101171794250053466e+02 1.073251241241433718e+02 1.053858809279368103e+02 1.041274891828426234e+02 1.027067403443594600e+02 1.018254535724545775e+02 1.013695748553787297e+02 1.008282084772381353e+02 9.971209060143839054e+01 1.000001942709571807e+02 9.900461878725184306e+01 9.907267663288438087e+01 9.793969498585934730e+01 9.802609392809468147e+01 9.786549994226263038e+01 9.725006876173161174e+01 9.702530208602701123e+01 9.669963840900123841e+01 9.654498099820409607e+01 9.569263663444533563e+01 9.270858375751699043e+01 9.000736100182236044e+01 8.695353221128418397e+01
1.177881961418964778e+02 1.130094323385959285e+02 1.102021951219089857e+02 1.075065992471043472e+02 1.067099822428022833e+02 1.051860408791773835e+02 1.046603979795784625e+02 1.036174303378061694e+02 1.031906156008686537e+02 1.026332162908547616e+02 1.019986241184694507e+02 1.016618793367699851e+02 1.013072817854066869e+02 1.007333724613262831e+02 1.004911306472348826e+02 1.002398833878568638e+02 9.990684801951294958e+01 9.909457313338447193e+01 9.894356418651055662e+01 9.907480150745637104e+01 9.800374772603953488e+01 9.483834411141008047e+01 9.225826848415809422e+01 8.927422786532348198e+01
1.206275675036455510e+02 1.156276564394556061e+02 1.126055065099614865e+02 1.099622882884864339e+02 1.095454053557095051e+02 1.082295383106694544e+02 1.066629563564881522e+02 1.064463143107242331e+02 1.054119513319845964e+02 1.049838753248426713e+02 1.047562161213774772e+02 1.038074435754871558e+02 1.037042758096808939e+02 1.030474384126059135e+02 1.029847713550429944e+02 1.027023042765471956e+02 1.020578117430123513e+02 1.021115079099353409e+02 1.021188193548355656e+02 1.016860968511115857e+02 1.004217362769093711e+02 9.740557027719400196e+01 9.463185031634898792e+01 9.149464750995325346e+01
1.214733562525439652e+02 1.180204530386416621e+02 1.148275541645707989e+02 1.126149728790175288e+02 1.118459835770757849e+02 1.104631815567742166e+02 1.091159917960735726e+02 1.083848358136251022e+02 1.077743277877605550e+02 1.077367243644622476e+02 1.071628814070461289e+02 1.063871230495051350e+02 1.059878081904941780e+02 1.060874061346020625e+02 1.051872116458443855e+02 1.052187685425830210e+02 1.049355564467166886e+02 1.043626930897659832e+02 1.041544156992115262e+02 1.038491859319648825e+02 1.027357464767709843e+02 9.964039231885708148e+01 9.687655261447858379e+01 9.374373744329382419e+01
1.240722179361481921e+02 1.197205686705641909e+02 1.176476469841041279e+02 1.166444183206926226e+02 1.144083411262089385e+02 1.135637554305597803e+02 1.119451810666976570e+02 1.115191070244202507e+02 1.106869022725870479e+02 1.094422230918908809e+02 1.095892408563348397e+02 1.094192335449232445e+02 1.088601731383710245e+02 1.079733618051195805e+02 1.077717902070687330e+02 1.076476812331240183e+02 1.069458435774428438e+02 1.071130582324423983e+02 1.067481070923714839e+02 1.065729529386310048e+02 1.051219388048471188e+02 1.020697523103600304e+02 9.931076993573665845e+01 9.599848912842409732e+01
1.277172730108819678e+02 1.240319231576342247e+02 1.205687853124733380e+02 1.182373591521727434e+02 1.166588653233404358e+02 1.157153179637851395e+02 1.146185487961922149e+02 1.138469519356170849e+02 1.128656890886073825e+02 1.128569371149201856e+02 1.117886263573780354e+02 1.114045596848433490e+02 1.109836905647909475e+02 1.107168799588277039e+02 1.104998338149058128e+02 1.099647855186289718e+02 1.095324318702119797e+02 1.091773313586188436e+02 1.088457163988821605e+02 1.086711290986410461e+02 1.077301377782321339e+02 1.045019742925442756e+02 1.016556998598503156e+02 9.831508739758528748e+01
1.313700033382928325e+02 1.261920511685188586e+02 1.216011839563830250e+02 1.207268603851567548e+02 1.185248843744053175e+02 1.174765159204715559e+02 1.166752309287827671e+02 1.167502281274579445e+02 1.155426613937242877e+02 1.151446897589620875e+02 1.142221141464613225e+02 1.141666398604608617e+02 1.137873147843889114e+02 1.128612921568536933e+02 1.130232818503608598e+02 1.127102180463798646e+02 1.120912052300738679e+02 1.118767706434679354e+02 1.117375449878887963e+02 1.110182445613736348e+02 1.100541990958763563e+02 1.068989156933740077e+02 1.038667867757654335e+02 1.006129264866801662e+02
1.297757906394518272e+02 1.294063524373966629e+02 1.261277247586871084e+02 1.234182712410486999e+02 1.213982854494665133e+02 1.213477219073776610e+02 1.202323268092856097e+02 1.181827975124424057e+02 1.183748384659925961e+02 1.176875217497632065e+02 1.172928542491518442e+02 1.166155710137704204e+02 1.161616684355783065e+02 1.160138094634059627e+02 1.149725907077918663e+02 1.149537019271126752e+02 1.144560303141224580e+02 1.140344725804650210e+02 1.137207478524266833e+02 1.136516099818835386e+02 1.124754979360239844e+02 1.091978703836173850e+02 1.064789502303228232e+02 1.029270263175813085e+02
1.359874532061327557e+02 1.309339197134456185e+02 1.286670718591953744e+02 1.260990874434162947e+02 1.246511553445393616e+02 1.234378955770823865e+02 1.223439302904508850e+02 1.210721576005043545e+02 1.203208035844440076e+02 1.197867204579382445e+02 1.191880150956771303e+02 1.188331375915461763e+02 1.184149603648099998e+02 1.181767677286058813e+02 1.174690806762281738e+02 1.174763805554680545e+02 1.168875788406551095e+02 1.166847613341407452e+02 1.167924169831860866e+02 1.162149679817882486e+02 1.149754327292983476e+02 1.116263336252739151e+02 1.087698417254874386e+02 1.052557968092644245e+02
1.382716999993920410e+02 1.335119260576234694e+02 1.305196409331363441e+02 1.284469364910603417e+02 1.275547740604273912e+02 1.260609385019361071e+02 1.248850955212934082e+02 1.234347339793117015e+02 1.228716146213362066e+02 1.225089143729162231e+02 1.218809086563846051e+02 1.216743686692698674e+02 1.208305486049727620e+02 1.209221344816725718e+02 1.204828472221579290e+02 1.198877294618007312e+02 1.196177409942692265e+02 1.189188358895762150e+02 1.189114417209037526e+02 1.187037266498843451e+02 1.177687848896331673e+02 1.140155284211709272e+02 1.110679259821920937e+02 1.074260440502489473e+02
1.392971332315997302e+02 1.343097539158037534e+02 1.317270053474048552e+02 1.313665349947533514e+02 1.296173345153704588e+02 1.281750831772546917e+02 1.272353726033981189e+02 1.266157461609790147e+02 1.261058601130128949e+02 1.252917212017056556e+02 1.247100027728601503e+02 1.242424759503304443e+02 1.233013445531460093e+02 1.229478026413055147e+02 1.225293636787510110e+02 1.222604455684663662e+02 1.220453301122892498e+02 1.218681318710779635e+02 1.212583758661513400e+02 1.211493946963904875e+02 1.199389013953235121e+02 1.165620539469254027e+02 1.135823997211899439e+02 1.098179555404192058e+02
1.406530871789076400e+02 1.386421609057953219e+02 1.354251016302164601e+02 1.330779263050470718e+02 1.334093609328884611e+02 1.304106510138657882e+02 1.299526866480774459e+02 1.294810072799973568e+02 1.287925217823199660e+02 1.275743440957667048e+02 1.267545735235290039e+02 1.262820716306134301e+02 1.263807722010264314e+02 1.253889932152538336e+02 1.252267533972919438e+02 1.249274636868842805e+02 1.248609468865937231e+02 1.242138539999447175e+02 1.239452047948859246e+02 1.237986597557029000e+02 1.224360792260728914e+02 1.188888428309371932e+02 1.158339875672914303e+02 1.121993042400988116e+02
1.467399819151812039e+02 1.405082535228586380e+02 1.389839364277884215e+02 1.361108542043315879e+02 1.351960371882890968e+02 1.340015522159499142e+02 1.328091154652404953e+02 1.317244597684668008e+02 1.314526092010820264e+02 1.300451365637006802e+02 1.294693580824165906e+02 1.287869121521629552e+02 1.284219448705587183e+02 1.282290046299821711e+02 1.276017146413868204e+02 1.274793555720305989e+02 1.269932031759166620e+02 1.264946142865226335e+02 1.263897970904681074e+02 1.262689499881036141e+02 1.251065927480969719e+02 1.215183290574795905e+02 1.182656252434810256e+02 1.144969387625795321e+02
1.505354344958752222e+02 1.458437460130754744e+02 1.401307447451492862e+02 1.402414718619115490e+02 1.375331590930720154e+02 1.366135369735392260e+02 1.352161858333790292e+02 1.342449235728925885e+02 1.330024747929517446e+02 1.323448362335633419e+02 1.329360465357681562e+02 1.314586454564776545e+02 1.312168339961267520e+02 1.303365679889414537e+02 1.303275626671464806e+02 1.300663955986141218e+02 1.294573955245783168e+02 1.292587064237484924e+02 1.289291526432783996e+02 1.286628282292992935e+02 1.276521194685875145e+02 1.237497475850569515e+02 1.205969158705385382e+02 1.167688274901933454e+02
1.494233167996437714e+02 1.469717844022964357e+02 1.432835505326114856e+02 1.416412880307827606e+02 1.399400749094999412e+02 1.383698779480090764e+02 1.377230556136344148e+02 1.363153686331592951e+02 1.360472944936481667e+02 1.355310069757354086e+02 1.346623382071323931e+02 1.338795264191600154e+02 1.335910414162291318e+02 1.332271685003929349e+02 1.327457601628422310e+02 1.326301317691868178e+02 1.322000204542227095e+02 1.315265208681466333e+02 1.316839453087700065e+02 1.310677560065135481e+02 1.302627912360660218e+02 1.262348334463521695e+02 1.229609840792593047e+02 1.191978565401276740e+02
1.524867322885790486e+02 1.502804553715695590e+02 1.459492082106529836e+02 1.442933240360303841e+02 1.438812642772252843e+02 1.412604620843826240e+02 1.404790008467512621e+02 1.395631225917806546e+02 1.386239927163748007e+02 1.381285156010523281e+02 1.371879234918922634e+02 1.366995382085497113e+02 1.359758287445361589e+02 1.358937929748722411e+02 1.352692234766470278e+02 1.347141111874060755e+02 1.349159539308047329e+02 1.340850697465529322e+02 1.339784890458598738e+02 1.333735491534455377e+02 1.323091893883599823e+02 1.288771172894836639e+02 1.254872343679532918e+02 1.215864489601608511e+02
1.549149581941958900e+02 1.530622675199047364e+02 1.482631370560496862e+02 1.447726441497675012e+02 1.447393013311327650e+02 1.444856651861160515e+02 1.423283710266961180e+02 1.418640107960533214e+02 1.404394899834334751e+02 1.407211324904544654e+02 1.396643283521464980e+02 1.395852673211414015e+02 1.383686695543446774e+02 1.383325760020562427e+02 1.378369349246790989e+02 1.377145830044063359e+02 1.368330723461860430e+02 1.370673091589378032e+02 1.362297091820146591e+02 1.361534524040956171e+02 1.348952313908467033e+02 1.311069638872608891e+02 1.277086460051637005e+02 1.238326239204382233e+02
1.591751048837329563e+02 1.564012497862084388e+02 1.525291130979710204e+02 1.491301973091659079e+02 1.482021740022963172e+02 1.461746681835820993e+02 1.448635815043433865e+02 1.441835305510525416e+02 1.435146292876123084e+02 1.431210131851547658e+02 1.427941846447129990e+02 1.420038174849278789e+02 1.413463236811034847e+02 1.404022602164091893e+02 1.403816489864110508e+02 1.398436320995293727e+02 1.393665389666783199e+02 1.394018790913713701e+02 1.395706856825374302e+02 1.387439820810814979e+02 1.373890517989284774e+02 1.337630263460131914e+02 1.302215235606661849e+02 1.263353605974377274e+02
1.620750717828652796e+02 1.568638335706409634e+02 1.544683531283413345e+02 1.510666099658868973e+02 1.505990363578056588e+02 1.499924080999329590e+02 1.484057435136461436e+02 1.472096427027842935e+02 1.460443340378288326e+02 1.453179195154612557e+02 1.449576226856290191e+02 1.442706043185545468e+02 1.439274183573918435e+02 1.432873670015167988e+02 1.432288997552815033e+02 1.429644417567838843e+02 1.422971532512545423e+02 1.417621499332027497e+02 1.419156034462936020e+02 1.411513930786631761e+02 1.400595587722529558e+02 1.359202890884602652e+02 1.326573500383355793e+02 1.286208974585743192e+02
1.634844354255051826e+02 1.593644098908131070e+02 1.564525327732782216e+02 1.548177104656068934e+02 1.534472004601954893e+02 1.510228123872294361e+02 1.508959209726852464e+02 1.498575628713916501e+02 1.486780553576948591e+02 1.480721128783840754e+02 1.478804712486139010e+02 1.474432209366305813e+02 1.458036462667831756e+02 1.463599692866307009e+02 1.452121233042640256e+02 1.452923915919540718e+02 1.445812895321214171e+02 1.439582485953509376e+02 1.438456050799923105e+02 1.440760358005886417e+02 1.425333303638346365e+02 1.385710449283366756e+02 1.350288447797186677e+02 1.308590161164631240e+02
1.661866688194317589e+02 1.624569088007688151e+02 1.595854410469102618e+02 1.572505541917495009e+02 1.553597968180666555e+02 1.537317339684263970e+02 1.528440309719001675e+02 1.515938206283002216e+02 1.519816661665429081e+02 1.505375699983371476e+02 1.502469075020566436e+02 1.494290026898370627e+02 1.487778450790608531e+02 1.487201423939786480e+02 1.484299141344975510e+02 1.476852527765460934e+02 1.473420101195017367e+02 1.473805328154311667e+02 1.465622092170952726e+02 1.462346569695743028e+02 1.448889700164057217e+02 1.409408298016056733e+02 1.376669910959784033e+02 1.334107403672907424e+02
1.687699945078224459e+02 1.659286386363608869e+02 1.626500325638826325e+02 1.586311708160039871e+02 1.581258465268628015e+02 1.570517810035937032e+02 1.554831272918937088e+02 1.544337116560885761e+02 1.537836884031497391e+02 1.535150438532000692e+02 1.523435656506563873e+02 1.518654754217569689e+02 1.512084210918904432e+02 1.506114841186239630e+02 1.504348553448976986e+02 1.508580923336248532e+02 1.501533798389086485e+02 1.488710622323560813e+02 1.489951632946264795e+02 1.484733727867310904e+02 1.472116728172384228e+02 1.433561752058516561e+02 1.399002717881712670e+02 1.357827696119776704e+02
1.688272643696917044e+02 1.683086018900666829e+02 1.642417001128629863e+02 1.627381078380552424e+02 1.610867491078384148e+02 1.594620296375936732e+02 1.582757679394479169e+02 1.572161811618564400e+02 1.569747258339473319e+02 1.558477772884008630e+02 1.549922703242196746e+02 1.541711570647488827e+02 1.542244109052564340e+02 1.529585267236009827e+02 1.534793774233040722e+02 1.524968204554332090e+02 1.523199411183936149e+02 1.519725190615593249e+02 1.514845040905016162e+02 1.515985643379195835e+02 1.496310701604721487e+02 1.458366530406432560e+02 1.424380208721223369e+02 1.381150380529851134e+02
1.720873373956948171e+02 1.702851368354183137e+02 1.670128042770652712e+02 1.666667497380849454e+02 1.637274605431852024e+02 1.632307638434864145e+02 1.616210959081546434e+02 1.600262810064305938e+02 1.589841059147752276e+02 1.575753311437868263e+02 1.577979058059759723e+02 1.576449149526120550e+02 1.563539618565754381e+02 1.560997112429694766e+02 1.561307521969837921e+02 1.551394252886793197e+02 1.549543686825433610e+02 1.549942558662701515e+02 1.538129437579388821e+02 1.539038307207018192e+02 1.523867281390332948e+02 1.484596100454913028e+02 1.447925787390761627e+02 1.404968845887056830e+02
1.776131051121693645e+02 1.735371307415105662e+02 1.705037673694769182e+02 1.688426814297217504e+02 1.660083434634136665e+02 1.644766447065681803e+02 1.634882845269984557e+02 1.627497276658753833e+02 1.618335176986516899e+02 1.607139214266324814e+02 1.603820776377811228e+02 1.594196133782266145e+02 1.590648087230666476e+02 1.588095706053537697e+02 1.583537015851183298e+02 1.576425154387021053e+02 1.575824887447612923e+02 1.574475838446405191e+02 1.569592824983108699e+02 1.564539303159926078e+02 1.552706841710904087e+02 1.508671914896524981e+02 1.473344305049240575e+02 1.428865386726035638e+02
1.824493280597627063e+02 1.747644936917947405e+02 1.716559902882912070e+02 1.706021501367223721e+02 1.687209967665777981e+02 1.681807409808974967e+02 1.656941009572406358e+02 1.646039438901707115e+02 1.642106376409704467e+02 1.633876539800164949e+02 1.627012312118690431e+02 1.618504015167654018e+02 1.614424697322027953e+02 1.613274310295777241e+02 1.607688049741275336e+02 1.601732099044014319e+02 1.593193569991038316e+02 1.597997189332422181e+02 1.594749069074688919e+02 1.590231623703974435e+02 1.576394525318583248e+02 1.536822028265929703e+02 1.495878754507977533e+02 1.452799379660628176e+02
1.792348475948136581e+02 1.770306140643408526e+02 1.755316215053336180e+02 1.719833160748773935e+02 1.712756970910915300e+02 1.702517684938324010e+02 1.686280576689599968e+02 1.684075622884957113e+02 1.673291491984498123e+02 1.657267817226913280e+02 1.660232283400040387e+02 1.652262033778085595e+02 1.644779248021613967e+02 1.637488928117256535e+02 1.632767109218741552e+02 1.626761640171979195e+02 1.626609627604601087e+02 1.620684489446358327e+02 1.620481739211904255e+02 1.617741911694442081e+02 1.596838812481409207e+02 1.558517552540425015e+02 1.522469000696121100e+02 1.477826904171440106e+02
1.857564943581054138e+02 1.820980896836717022e+02 1.779172902076109324e+02 1.758829023790685824e+02 1.740233410509839018e+02 1.731827603751515881e+02 1.706206667923601401e+02 1.705705336689726153e+02 1.702743525283628969e+02 1.691929951730354844e+02 1.673394111611342225e+02 1.674039865269622851e+02 1.668615946869147990e+02 1.666071087687716954e+02 1.661914120475606751e+02 1.656492707912998696e+02 1.650785345876506938e+02 1.651204317170462730e+02 1.641433787585713731e+02 1.640019851741762125e+02 1.623370922374638781e+02 1.583311166528696674e+02 1.546434179325096920e+02 1.501921355129091467e+02
1.835039980765419330e+02 1.850211358669531592e+02 1.821656789449270093e+02 1.789654927322974345e+02 1.768125008315381876e+02 1.749440167502561962e+02 1.738979327089421645e+02 1.724846606749633509e+02 1.716392912505221204e+02 1.721929917978971218e+02 1.708865015874379480e+02 1.701321844469368045e+02 1.695901060184069422e+02 1.687719719668795051e+02 1.682152630652748826e+02 1.681668574698847749e+02 1.674655320780843226e+02 1.668042399059672505e+02 1.665787294950121691e+02 1.662008982469633054e+02 1.651608234296690227e+02 1.609174712909470486e+02 1.572609627642633257e+02 1.525973505489583886e+02
1.914947050916720457e+02 1.876311371239295056e+02 1.826593939743453063e+02 1.800648934041510074e+02 1.780576899699637465e+02 1.777338767877417638e+02 1.765166516416336435e+02 1.748807723995596177e+02 1.743255884501273272e+02 1.741244137753939185e+02 1.727247966525554830e+02 1.727744029881603751e+02 1.725404520759285845e+02 1.713607622051613646e+02 1.713501167213599956e+02 1.700688424419591058e+02 1.705940839668367062e+02 1.697672232147608042e+02 1.692588231560014265e+02 1.690197661696448961e+02 1.675166124111296426e+02 1.634365559543806512e+02 1.594026560323241313e+02 1.549636975536345744e+02
1.952430333910360787e+02 1.903877560652499312e+02 1.867328483900277831e+02 1.827296925535132459e+02 1.818907112222441640e+02 1.798609793695665076e+02 1.796504114547578581e+02 1.778174622779440028e+02 1.772166801742964992e+02 1.763286781386055111e+02 1.755632320937169197e+02 1.747690375667142746e+02 1.741985613377700872e+02 1.741350236800932123e+02 1.737634561700183156e+02 1.729211262717346926e+02 1.728019153453260799e+02 1.717398152905850282e+02 1.724909198138892350e+02 1.713828288629536587e+02 1.701693448061761842e+02 1.663032611711651896e+02 1.621442050487224549e+02 1.573105069002469065e+02
1.996951524949355132e+02 1.904224811147809078e+02 1.898802435661845891e+02 1.854052580826969745e+02 1.842937850372918263e+02 1.827394434776446985e+02 1.814528800333068261e+02 1.805510558886579133e+02 1.808132482163487396e+02 1.796190165487763011e+02 1.778040352622792852e+02 1.774728109239813705e+02 1.769177447503123801e+02 1.770004210312660575e+02 1.764296353361137051e+02 1.758082362616078171e+02 1.752766053553982033e+02 1.751040346498828910e+02 1.748227916804633537e+02 1.740046815050930604e+02 1.723985436143433674e+02 1.685770893534512709e+02 1.644771480436227193e+02 1.597109835857169742e+02
1.964010270536679741e+02 1.937979029044852837e+02 1.904957247751933096e+02 1.887337084999582544e+02 1.872542689023027549e+02 1.855594672719047935e+02 1.840596201101016334e+02 1.842251769399242392e+02 1.825760021614960067e+02 1.811274436487244373e+02 1.808364785383092794e+02 1.813025148259093555e+02 1.794426318595137388e+02 1.795130154543646483e+02 1.787253547270935314e+02 1.783798024328178542e+02 1.779973453165994499e+02 1.776311865300702664e+02 1.769661208066108884e+02 1.767838805130030551e+02 1.749501151856300680e+02 1.709525812952361150e+02 1.668341275847069198e+02 1.622068508380452556e+02
2.002261477607998756e+02 1.996113373401112767e+02 1.946340672361311874e+02 1.924784336682970718e+02 1.892416736885249975e+02 1.878751707041366501e+02 1.870564630551954224e+02 1.862901359695489418e+02 1.855169848883326154e+02 1.839317227995524888e+02 1.840237547661510575e+02 1.831235767787244981e+02 1.826065786380741827e+02 1.823537892202267585e+02 1.810428482290354566e+02 1.808781499365468619e+02 1.810530144748398129e+02 1.801935957753219952e+02 1.799724825543613633e+02 1.795687290306862565e+02 1.777803387180723576e+02 1.737139379955742982e+02 1.694566742903356840e+02 1.648465472015252544e+02
2.041203473808910758e+02 1.976150572778080914e+02 1.975385564640020561e+02 1.937294774497125900e+02 1.927644504231712688e+02 1.919854334863045722e+02 1.894758670785305696e+02 1.886251991880978380e+02 1.870264814054843328e+02 1.871520254739704967e+02 1.861997019476644937e+02 1.857241077112082053e+02 1.847762173605006808e+02 1.848874636167033430e+02 1.838942118184745027e+02 1.836818017208720164e+02 1.829946901045624088e+02 1.827096719990584859e+02 1.821961610847581312e+02 1.823234253155380031e+02 1.809693195585569185e+02 1.758655203733874828e+02 1.720859995617730931e+02 1.671745599215329037e+02
2.049458460306904328e+02 2.034548138599055846e+02 1.998696060348129606e+02 1.972173105638196944e+02 1.961697126398611033e+02 1.937611255572388416e+02 1.916528768556318028e+02 1.913998181485086150e+02 1.908678668492183590e+02 1.895143456581982946e+02 1.894693631274975587e+02 1.873704806496165247e+02 1.869714174549959012e+02 1.868980556455526596e+02 1.865060934051033428e+02 1.860881801446578265e+02 1.864477189501869816e+02 1.851236799289433179e+02 1.846741986276820171e+02 1.843502698884172162e+02 1.831592052428305522e+02 1.783887315043405408e+02 1.744419785621307142e+02 1.694985358826154709e+02
2.101561728048874329e+02 2.057535064204982405e+02 2.018049385462261966e+02 2.017852356775015039e+02 1.966962713209609035e+02 1.968667020714423757e+02 1.951145332109624064e+02 1.934763173554877085e+02 1.930539687019069959e+02 1.922776638476335904e+02 1.909767033601366961e+02 1.910162258348864270e+02 1.903618119747126229e+02 1.899306720981858518e+02 1.901557943105490551e+02 1.884030046709346493e+02 1.878826640337744891e+02 1.876230492655797946e+02 1.877898072772680962e+02 1.867090914300389102e+02 1.858431068336539056e+02 1.810650032394020741e+02 1.768396206838735054e+02 1.720613830241760525e+02
2.138739848951064459e+02 2.093211336529134030e+02 2.051200711924223299e+02 2.028466941226200220e+02 2.005314310149821608e+02 1.986733516936739363e+02 1.973221731112528801e+02 1.964783541800266562e+02 1.961324942830743794e+02 1.946100303011885160e+02 1.942854145378249484e+02 1.927744242441573306e+02 1.925438746892814379e+02 1.921448446960341698e+02 1.920554457245110882e+02 1.914293042112150829e+02 1.906671787542793766e+02 1.901444655993166748e+02 1.905478899903120009e+02 1.894912887443500153e+02 1.877458598216831263e+02 1.838489997041142487e+02 1.796181765542166318e+02 1.745540975863796120e+02
2.155697944488431688e+02 2.119477219429350896e+02 2.078018080452099525e+02 2.046258717421899576e+02 2.042447388318869628e+02 2.022409153448934660e+02 1.992644095709569001e+02 1.996722741071761220e+02 1.980751403895118301e+02 1.981185752861768492e+02 1.964971713204777188e+02 1.954884020020805337e+02 1.949233051767248526e+02 1.949978742102293836e+02 1.949642158637363138e+02 1.934818489107942128e+02 1.934593262054625598e+02 1.930629804874892272e+02 1.924593918803180941e+02 1.921164273329011110e+02 1.909800032467592246e+02 1.862492107774869794e+02 1.817531021381488472e+02 1.770325328670317049e+02
2.150771858065148194e+02 2.116662596801534448e+02 2.101367086146787813e+02 2.076353932942338361e+02 2.064818761193824628e+02 2.056413740360983411e+02 2.034773269609778481e+02 2.019616847168134939e+02 2.009324531526349062e+02 2.003563420102219936e+02 1.994719655141540215e+02 1.982269652099016071e+02 1.983906788128343806e+02 1.971129210492536004e+02 1.968842377080174515e+02 1.964202045222792776e+02 1.963764465183395487e+02 1.958018032563201700e+02 1.951432881811866480e+02 1.943184751634751137e+02 1.935138820414367444e+02 1.887600520408982163e+02 1.843668137409712244e+02 1.795027891315785098e+02
2.216146082364593042e+02 2.127132484540635176e+02 2.121633204023374049e+02 2.104667728777573075e+02 2.101322417667405205e+02 2.068567477334433704e+02 2.056490321830131620e+02 2.043312677017593160e+02 2.029343078710355144e+02 2.017927861212204164e+02 2.014635938671600286e+02 2.008354745194942268e+02 2.014572677606313675e+02 2.001792354375774039e+02 1.993806104095729950e+02 1.994799312419910109e+02 1.982420385075567992e+02 1.987745728517537600e+02 1.981427429347340592e+02 1.976403010363649457e+02 1.960681588511363316e+02 1.911903226415682298e+02 1.869468210692501486e+02 1.817469371188629452e+02
2.259688311565241463e+02 2.197027323228034277e+02 2.138406108001265977e+02 2.116277385330261325e+02 2.104489463096654163e+02 2.089023444312792606e+02 2.078903006316947994e+02 2.070602361500751840e+02 2.054461332851917064e+02 2.055462178551075567e+02 2.046554518896204797e+02 2.043882711148848443e+02 2.033422642482728122e+02 2.028861191580419927e+02 2.026815129651066343e+02 2.019115135859496775e+02 2.015676259455148340e+02 2.012159536646906304e+02 2.005240020251223996e+02 1.998978362461882057e+02 1.987980493905882895e+02 1.939337020412850734e+02 1.894158548273454983e+02 1.843714861409236505e+02
2.248226727490093992e+02 2.205998718187858287e+02 2.193325495307767312e+02 2.154025288872050794e+02 2.128717123270189688e+02 2.105189237147656627e+02 2.110936072074898675e+02 2.090520057900643280e+02 2.091015801194255346e+02 2.086044637644124293e+02 2.070539468785493114e+02 2.065272482884901137e+02 2.057356023965208465e+02 2.053977496261539670e+02 2.044808225756790989e+02 2.048412869768200153e+02 2.040636810750528696e+02 2.041645245331106935e+02 2.026932947600467685e+02 2.031160951722226287e+02 2.009599543336873069e+02 1.962913970995204807e+02 1.921720434676317382e+02 1.867486311376109143e+02
2.283857974573529361e+02 2.236339193399299745e+02 2.198596543813900723e+02 2.183430078592872121e+02 2.163050609537502567e+02 2.151005193424045387e+02 2.131024401867132383e+02 2.130339306131697299e+02 2.113845882269552021e+02 2.106094027442623826e+02 2.100404115946074626e+02 2.092443072847034955e+02 2.082785761938471580e+02 2.081694040762367877e+02 2.073409809174054033e+02 2.068585780023436484e+02 2.069686903888744212e+02 2.058878780402118309e+02 2.052790598830598299e+02 2.056157198852195052e+02 2.029114314468740190e+02 1.989071241364406148e+02 1.944448781795763068e+02 1.892952805296084762e+02
2.302926992993312467e+02 2.271182739527058345e+02 2.238506853955752831e+02 2.222783883464055634e+02 2.196433744143361650e+02 2.166025439181411230e+02 2.165175910814497513e+02 2.155388166806356196e+02 2.150394827384126017e+02 2.132784957957524341e+02 2.132758231703594447e+02 2.115455507629442877e+02 2.119872802546368291e+02 2.107959240881676237e+02 2.096506940381983384e+02 2.092951346254071439e+02 2.091749093554766432e+02 2.084287025246976270e+02 2.082247484988635620e+02 2.078800275265322455e+02 2.064290264573079980e+02 2.014569851864048928e+02 1.968546314391177248e+02 1.917033926451330501e+02
2.347465885718499692e+02 2.307761734714543138e+02 2.267468158325427510e+02 2.240693642608216862e+02 2.216081841203889837e+02 2.200987044776283312e+02 2.188933657180521948e+02 2.176810925490182456e+02 2.166646866988452587e+02 2.157766217120064312e+02 2.153025308121681292e+02 2.146234061483737889e+02 2.145186526100731612e+02 2.132686296427716570e+02 2.125415507238296868e+02 2.125628770768506683e+02 2.117454262486814400e+02 2.108724810576523794e+02 2.103811298690630736e+02 2.105875367226958303e+02 2.095711236591678244e+02 2.040157780146212758e+02 1.995571748265595033e+02 1.942321599146717688e+02
2.328109940760103882e+02 2.344843908845140277e+02 2.276020505245552670e+02 2.250938126565492041e+02 2.242729635595336504e+02 2.219917621025708740e+02 2.221124690755767119e+02 2.201455074007362498e+02 2.196448541864531308e+02 2.191102296264115239e+02 2.173458984695799927e+02 2.164140105642686933e+02 2.169199787540144939e+02 2.157280713575045468e+02 2.153956644422876820e+02 2.145414876379688565e+02 2.140645086706737459e+02 2.142210017082780951e+02 2.131294800546880879e+02 2.131297036408134602e+02 2.115601111064892734e+02 2.065134796726299840e+02 2.019715810939762832e+02 1.966779432377861383e+02
2.405072868810835871e+02 2.360007362592056097e+02 2.308831144761390135e+02 2.299749378679857443e+02 2.272074363345051324e+02 2.260611989517110203e+02 2.237489101017363282e+02 2.230050664024640241e+02 2.221756400542777783e+02 2.205647648328221067e+02 2.201038120162697567e+02 2.199353026945397005e+02 2.188614166502961496e+02 2.184369473992169617e+02 2.178901630985236579e+02 2.170192710218034335e+02 2.174434112822178236e+02 2.157370718881850280e+02 2.158661186052998460e+02 2.161583576525434296e+02 2.143914191190980603e+02 2.090612094485043713e+02 2.047075655574595885e+02 1.991565392716549923e+02
2.386824345413076287e+02 2.373749041929085308e+02 2.351309989291729039e+02 2.329841089219799812e+02 2.299622610434072385e+02 2.272755917621457513e+02 2.271199024984831283e+02 2.251240172101485939e+02 2.253981841183322103e+02 2.237686297376116045e+02 2.233397939969882771e+02 2.224217464916862923e+02 2.220918579483509063e+02 2.210122848204044885e+02 2.205491882370455983e+02 2.200651064170568247e+02 2.192696495345105063e+02 2.184969462760556382e+02 2.187473919587497164e+02 2.186758441601697598e+02 2.167057819576272095e+02 2.116597436983177261e+02 2.072060638598919695e+02 2.016613643042153114e+02
2.424564291038964825e+02 2.407493765413311451e+02 2.376394726238099224e+02 2.330017403552490975e+02 2.323312701355964123e+02 2.307442355338113202e+02 2.290019350826497657e+02 2.287479220630233669e+02 2.273542109265598299e+02 2.262034320531495837e+02 2.253651645714118388e+02 2.247409782499170490e+02 2.236585987087991896e+02 2.228455523942154741e+02 2.233412216671022463e+02 2.227276506463790895e+02 2.223646216872054708e+02 2.218157428427016669e+02 2.213971072855564728e+02 2.210180927321426623e+02 2.190670067559179870e+02 2.143891980346711250e+02 2.095978916128802609e+02 2.042667457062383960e+02
2.444863093797381453e+02 2.434549757176070557e+02 2.414508222108606503e+02 2.369102517169380349e+02 2.353545454660035432e+02 2.334439364598521536e+02 2.327976506479096201e+02 2.299466327395053895e+02 2.302375154415041436e+02 2.289986267138984886e+02 2.288940359936958657e+02 2.275667128968881059e+02 2.273803688789574267e+02 2.261270493092547724e+02 2.262218491809032628e+02 2.258331077544750087e+02 2.242635952027073643e+02 2.239755458812805102e+02 2.240893069114753473e+02 2.235737854038274577e+02 2.218181619490416381e+02 2.167293585924199704e+02 2.123449734381077008e+02 2.066719367913691485e+02
2.493062819026532395e+02 2.433746092420649063e+02 2.413306761770241451e+02 2.379846729257004654e+02 2.385464360809975233e+02 2.360034366208240613e+02 2.331628946408814613e+02 2.328916939529556771e+02 2.331422642989808764e+02 2.318661705088207157e+02 2.306033738100429389e+02 2.305683119807394519e+02 2.299530734906685154e+02 2.288500567127200043e+02 2.286189764343133106e+02 2.279048429055874578e+02 2.273688689972711927e+02 2.267592684278624802e+02 2.261986428251104826e+02 2.260317969577057511e+02 2.242093196287970613e+02 2.195058588014396150e+02 2.149629243292639273e+02 2.092663430880340911e+02
2.522441969139800051e+02 2.484242840510668202e+02 2.444895682852212531e+02 2.413295992460049035e+02 2.390973434797942048e+02 2.402354288416706538e+02 2.369844489865510582e+02 2.362292176829900825e+02 2.343803898572725188e+02 2.352910582205433059e+02 2.330875526915471596e+02 2.332099275295044265e+02 2.318161396498778117e+02 2.325550161023209910e+02 2.312625570040313789e+02 2.316484015753906078e+02 2.303844373692577108e+02 2.295855476924180323e+02 2.291250103085718308e+02 2.282833534058596285e+02 2.269327150563481439e+02 2.220555260050261381e+02 2.174164558700867929e+02 2.117372535445524306e+02
